0,1,2,3,4,5,6,7,8,9,10
1.2510233408225515,0,0.7,-0.49206377840464344,-0.4257003297183033,-0.3544544293799092,-0.31811397374322575,0.29118728172046204,0.19735256396037396,0.9,1
1.06572186528913,1,10.9,1.4299571546926853,1.6800746877249053,-0.09182874141159963,-0.03453523639038456,0.9355636998243043,0.07168605167925807,0.74,1
1.06572186528913,1,7.3,0.9316554312970813,0.8204907450576581,-0.11371421540895876,-0.14520010950368845,0.4752948297501314,0.19735256396037396,0.89,1
0.8186532312445678,1,1.0,-0.38528483767701405,-0.44626453887302214,-0.36539716637858877,-0.31119741917364424,0.29118728172046204,0.3230190762414904,1.0,1
1.6833934504005355,1,3.9,0.1842028462036759,-0.3927975950707532,-0.29426937588717156,-0.17632460506680514,0.751456151794635,-0.9336460465696729,0.4,1
0.07744732911088127,1,1.8,-0.27850589694938477,-0.3393306512684842,-0.3380403238818898,-0.3319470828823887,1.0276174738391386,1.5796841990526542,1.3,1
-1.1578958411119296,0,0.9,-0.4564707981621004,-0.5614241101394476,-0.3544544293799092,-0.33886363745197023,0.4752948297501314,0.4486855885226068,1.0,1
-0.972594365578508,0,0.9,-0.4208778179195572,-0.3640077022541468,-0.36539716637858877,-0.34232191473676093,0.1991335077056278,0.5743521008037232,1.1,1
-1.7138002677121944,1,0.9,-0.4208778179195572,-0.3640077022541468,-0.3216262183838705,-0.314655696458435,0.84350992580947,1.2026846622093044,1.2,-1
0.6333517557111462,1,0.7,-0.4564707981621004,-0.002077621131095312,-0.15201379490433725,-0.1797828823515959,0.29118728172046204,0.3230190762414904,1.0,1
0.7568860727334272,1,0.6,-0.49206377840464344,-0.33110496760659663,-0.16295653190301682,-0.17632460506680514,-0.5372966844130487,-0.5566465097263236,0.8,1
1.6833934504005355,1,2.7,-0.06494801549412596,-0.1254628760594083,-0.27238390188981243,-0.18669943692117738,0.84350992580947,-0.1796469728829748,0.6,1
1.189256182311411,1,0.9,-0.4208778179195572,0.08017921548778002,-0.10824284690961898,-0.1797828823515959,0.4752948297501314,0.3230190762414904,0.9,-1
1.8069277674228166,0,1.1,-0.38528483767701405,-0.3146536002828216,-0.3216262183838705,-0.2766146463257368,1.4878863439133114,1.2026846622093044,1.0,1
1.0039547067779895,1,0.7,-0.4564707981621004,-0.5984396866179416,-0.15201379490433725,-0.23857359619303858,-0.6293504584278837,-0.5566465097263236,0.87,1
-1.2196629996230701,1,0.6,-0.49206377840464344,-0.44215169704207835,0.055898208070574495,-0.19707426877554962,-0.9055117804723873,-1.0593125588507892,0.7,-1
-0.4166899389782431,1,1.8,-0.2429129167068416,0.21179015407798057,0.47719358251973776,1.1447373177232598,1.0276174738391386,1.5796841990526542,1.3,1
-0.7255257315339458,1,1.6,-0.349691857434471,-0.5161828499990662,-0.35992579787924894,-0.30082258731927203,0.751456151794635,0.4486855885226068,0.92,-1
-0.293155621955962,0,0.9,-0.4208778179195572,0.010260904361735988,0.8273611664774839,0.46691496990427356,0.29118728172046204,-0.05398046060185836,0.8,1
-0.293155621955962,0,0.9,-0.4208778179195572,0.010260904361735988,0.8273611664774839,0.46691496990427356,0.29118728172046204,-0.05398046060185836,0.8,1
0.386283121666584,1,2.2,-0.17172695622175535,1.31403176477091,-0.3489830608805694,-0.2835312008953183,0.751456151794635,-0.68231302200744,0.55,1
0.386283121666584,1,2.9,-0.06494801549412596,0.787588010410108,-0.3216262183838705,-0.2627815371865738,0.4752948297501314,-0.9336460465696729,0.5,1
1.06572186528913,1,6.8,0.5401326486291071,1.034358520266734,0.19268242055406906,-0.15211666407326993,-0.07702781433887579,-0.05398046060185836,0.9,1
-0.293155621955962,1,1.9,-0.17172695622175535,-0.24473528915677756,-0.3544544293799092,-0.19015771420596814,-2.0101570686504027,-1.9389781448186032,0.6,1
1.1274890238002706,1,0.9,-0.4564707981621004,-0.3969104369016969,-0.15748516340367702,-0.2247404870538756,-0.44524291039821445,0.951351637647072,1.85,-1
-0.6637585730228053,1,4.1,0.1842028462036759,-0.006190462962039079,4.345451111552964,2.147637730312576,-1.3657806505465602,-0.5566465097263236,1.1,1
-0.6637585730228053,1,4.1,0.1842028462036759,-0.006190462962039079,4.345451111552964,2.147637730312576,-1.3657806505465602,-0.5566465097263236,1.1,1
-0.6637585730228053,1,6.2,0.5401326486291071,-0.20771971267828365,8.74990275352149,2.559172727202675,0.6594023777798007,1.0770181499281883,1.2,1
-1.528498792178773,1,1.1,-0.349691857434471,-0.6683579977439855,-0.33256895538255005,-0.2766146463257368,-2.3783721647097407,-1.5619786079752545,0.95,-1
2.424599352534222,0,0.7,-0.4564707981621004,-0.4215874878873595,-0.37086853487792854,-0.3077391418888535,-0.44524291039821445,0.07168605167925807,1.1,-1
0.7568860727334272,1,4.0,0.14860986596113274,-0.413361804225472,-0.1957847428990555,0.003505813742313643,-1.181673102516891,-2.0646446570997194,0.4,1
0.4480502801777245,1,0.9,-0.4564707981621004,-0.5531984264775601,-0.2504984278924533,-0.22819876433866634,-1.4578344245613946,-0.30531348516409124,1.4,1
0.7568860727334272,1,1.0,-0.4208778179195572,-0.4257003297183033,-0.3380403238818898,-0.30082258731927203,-1.181673102516891,-0.30531348516409124,1.2,-1
-0.4166899389782431,0,2.6,-0.10054099573666912,0.4914633985821567,-0.11918558390829855,-0.18324115963638665,-0.8134580064575531,-0.1796469728829748,0.8,-1
-0.4166899389782431,0,2.6,-0.10054099573666912,0.4914633985821567,-0.11918558390829855,-0.18324115963638665,-0.8134580064575531,-0.1796469728829748,0.8,-1
-0.9108272070673674,1,1.3,-0.38528483767701405,0.787588010410108,0.1160832615633121,-0.10370078208619948,0.3832410557352971,0.19735256396037396,0.9,1
-1.7138002677121944,0,0.7,-0.4564707981621004,-0.5984396866179416,-0.34351169238122964,-0.2558649826169923,0.6594023777798007,0.951351637647072,1.18,-1
0.07744732911088127,0,14.2,2.248595700271177,0.3434010926681811,-0.23408432239443397,-0.11407561394057172,-2.0101570686504027,-1.436312095694138,0.8,1
0.20098164613316236,1,1.4,-0.31409887719192786,-0.11312435056657702,-0.23408432239443397,-0.15211666407326993,-0.6293504584278837,-1.1849790711319053,0.61,1
0.13921448762202182,1,2.7,-0.06494801549412596,-0.06377024859525181,0.23098200004944752,-0.1279087230797347,-0.2611353623685451,0.19735256396037396,1.1,1
0.015680170599740733,1,2.4,-0.1361339759792122,-0.5038443245062348,-0.2614411648911329,-0.20744910062992186,-1.273726876531726,-0.68231302200744,1.0,1
1.06572186528913,1,0.6,-0.49206377840464344,-0.536747059153785,-0.21219884839707484,4.7536457522896685e-05,-1.4578344245613946,-0.68231302200744,1.1,-1
-0.16962130493368088,1,6.8,0.6113186091141934,1.3962886013897855,-0.30521211288585115,-0.2178239324842941,-0.3531891363833802,-1.0593125588507892,0.6,-1
0.32451596315544345,1,2.6,-0.10054099573666912,0.5120276077368755,1.7848506538619457,1.6116047511700105,-0.07702781433887579,0.07168605167925807,1.0,1
2.4863665110453623,0,1.0,-0.4208778179195572,-0.3393306512684842,-0.3489830608805694,-0.32848880559759797,0.4752948297501314,0.5743521008037232,1.0,-1
-0.6019914145116647,1,1.8,-0.31409887719192786,-0.06377024859525181,-0.17937063740103615,0.23521039182329362,0.015025959675958465,0.07168605167925807,0.9,-1
-1.4667316336676324,1,3.9,0.11301688571858967,-0.5778754774632227,-0.24502705939311353,-0.286989478180109,0.29118728172046204,0.951351637647072,1.34,1
-0.293155621955962,1,1.1,-0.4208778179195572,-0.24884813098772132,8.476334328554499,2.9395832285296573,-1.4578344245613946,-0.43097999744520765,1.3,1
-0.7872928900450863,0,0.6,-0.49206377840464344,-0.47094158985868473,-0.2286129538950942,-0.2835312008953183,-0.44524291039821445,-0.1796469728829748,1.0,1
0.6333517557111462,1,18.4,2.6045255026966085,-0.34755633493037175,-0.09182874141159963,0.23521039182329362,-0.2611353623685451,-1.6876451202563707,0.4,1
0.015680170599740733,0,0.7,-0.4564707981621004,-0.4956186408443473,-0.3270975868832103,-0.3319470828823887,-0.721404232442718,-0.8079795342885564,0.7,1
-0.6637585730228053,0,0.6,-0.49206377840464344,-0.5326342173228412,-0.35992579787924894,-0.314655696458435,0.10707973369079272,0.3230190762414904,1.0,1
-0.4166899389782431,1,3.1,0.04183092523350343,-0.1542527688760147,-0.0042868454221631136,1.0236976127555837,0.29118728172046204,0.951351637647072,1.3,1
-0.4166899389782431,1,1.1,-0.4208778179195572,-0.38045906957792186,0.02854136557387558,0.13837862784915272,-0.16908158835371087,0.4486855885226068,1.2,1
-0.16962130493368088,1,8.9,1.0740273522672539,-0.07610877408808311,-0.27238390188981243,-0.16940805049722366,-0.6293504584278837,-1.436312095694138,0.5,1
-0.16962130493368088,1,8.9,1.0740273522672539,-0.07610877408808311,-0.27238390188981243,-0.16940805049722366,-0.6293504584278837,-1.436312095694138,0.5,1
-0.7255257315339458,1,0.8,-0.4564707981621004,-0.38045906957792186,-0.2997407443865114,-0.30082258731927203,1.3958325698984773,1.0770181499281883,1.0,-1
0.20098164613316236,0,0.9,-0.4564707981621004,-0.4750544316896285,-0.3106834813851909,-0.1936159914907589,-0.9055117804723873,-0.5566465097263236,0.9,-1
0.386283121666584,1,0.8,-0.4564707981621004,0.3146111998515747,-0.21219884839707484,-0.31811397374322575,-1.181673102516891,-1.436312095694138,0.6,1
1.189256182311411,1,1.1,-0.349691857434471,-0.5984396866179416,-0.33256895538255005,-0.29736431003448127,-0.9055117804723873,0.07168605167925807,1.39,-1
-0.8490600485562269,0,0.8,-0.4564707981621004,-0.5449727428156725,-0.3270975868832103,-0.3250305283128072,-0.44524291039821445,-0.1796469728829748,1.0,1
0.8186532312445678,1,1.0,-0.349691857434471,-0.5449727428156725,-0.23955569089377377,-0.2316570416234571,0.6594023777798007,0.5743521008037232,1.0,1
0.8186532312445678,1,1.0,-0.349691857434471,-0.5449727428156725,-0.23955569089377377,-0.2316570416234571,0.6594023777798007,0.5743521008037232,1.0,1
0.7568860727334272,1,0.7,-0.4564707981621004,-0.3393306512684842,-0.2504984278924533,-0.0449100682447568,-1.273726876531726,-1.3106455834130215,0.7,1
0.7568860727334272,1,1.3,-0.38528483767701405,-0.12957571789035208,-0.2231415853957544,-0.082951118377455,0.015025959675958465,-0.8079795342885564,0.6,1
0.7568860727334272,1,1.4,-0.27850589694938477,0.7382339084387827,-0.1027714784102792,-0.07603456380787352,-0.8134580064575531,-0.8079795342885564,0.8,1
0.5715845972000057,1,2.2,-0.10054099573666912,-0.3927975950707532,-0.1410710579056577,-0.051826622814338294,-0.44524291039821445,0.7000186130848397,1.6,1
-0.4784570974893836,1,1.8,-0.2429129167068416,-0.31054075845187784,-0.15201379490433725,-0.1797828823515959,-0.07702781433887579,0.8256851253659556,1.4,1
1.312790499333692,1,0.7,-0.4564707981621004,-0.21183255450922742,-0.29426937588717156,-0.29044775546489976,-0.16908158835371087,0.7000186130848397,1.4,1
0.9421875482668489,1,0.8,-0.4564707981621004,-0.31054075845187784,-0.3106834813851909,-0.3215722510280165,-0.16908158835371087,-0.1796469728829748,0.9,-1
-1.5902659506899135,0,0.7,-0.4564707981621004,-0.4298131715492471,0.46625084552105817,0.992573117192467,-0.9055117804723873,-0.1796469728829748,1.2,1
1.8686949259339571,0,0.8,-0.4564707981621004,-0.4215874878873595,-0.33256895538255005,-0.28007292361052755,-1.9181032946355674,-1.6876451202563707,0.6,1
1.8686949259339571,0,0.8,-0.4564707981621004,-0.3516691767613155,-0.29426937588717156,-0.29736431003448127,-1.9181032946355674,-1.436312095694138,0.8,1
0.4480502801777245,1,0.6,-0.49206377840464344,-0.4915057990134036,-0.3216262183838705,-0.3250305283128072,0.10707973369079272,0.5743521008037232,1.2,1
1.4363248163559732,1,0.7,-0.49206377840464344,-0.5984396866179416,-0.33256895538255005,-0.30428086460406273,-0.6293504584278837,-0.30531348516409124,1.0,1
-0.972594365578508,0,0.7,-0.49206377840464344,-0.5285213754918975,-0.15748516340367702,-0.23857359619303858,-1.181673102516891,-0.8079795342885564,0.9,-1
-0.8490600485562269,1,0.9,-0.4564707981621004,0.9356503163240836,0.5920923210058732,-0.3215722510280165,-1.0896193285020566,-1.0593125588507892,0.7,1
1.4363248163559732,0,0.6,-0.49206377840464344,5.468002014024115,0.07778368206793362,0.058838250298965576,-1.7339957466058988,-1.3106455834130215,0.8,1
1.5598591333782543,1,1.4,-0.31409887719192786,-0.5943268447869977,-0.3763399033772683,-0.29736431003448127,-0.2611353623685451,0.8256851253659556,1.58,-1
0.8186532312445678,0,2.8,-0.06494801549412596,1.560802274627536,-0.17937063740103615,-0.10715905937099023,-1.6419419725910638,-1.9389781448186032,0.5,1
0.8186532312445678,0,2.4,-0.1361339759792122,2.5684485232087586,-0.11371421540895876,0.11071240957082677,-1.6419419725910638,-1.6876451202563707,0.6,1
-0.972594365578508,1,1.0,-0.4208778179195572,-0.8863386147840052,-0.30521211288585115,-0.29044775546489976,-1.273726876531726,-0.30531348516409124,1.3,1
0.2627488046443029,1,0.7,-0.49206377840464344,-0.5861011611251102,-0.36539716637858877,-0.33886363745197023,-0.9975655544872216,-0.43097999744520765,1.0,-1
-0.7255257315339458,1,2.0,-0.17172695622175535,-0.13368855972129584,0.6194491635025721,0.14529518241873424,-0.9975655544872216,-0.1796469728829748,1.25,1
-0.7872928900450863,1,0.6,-0.49206377840464344,-0.22005823817111494,-0.1957847428990555,-0.27315636904094603,0.9355636998243043,1.454017686771537,1.34,1
-1.899101743245616,1,1.4,-0.349691857434471,-0.08844729958091442,-0.12465695240763833,-0.2247404870538756,0.1991335077056278,0.951351637647072,1.4,1
-1.9608689017567567,1,0.6,-0.49206377840464344,0.12130763379721769,-0.2887980073878318,-0.18669943692117738,0.6594023777798007,0.5743521008037232,1.0,-1
0.8186532312445678,1,0.8,-0.4564707981621004,0.03082511351645482,-0.2614411648911329,-0.17632460506680514,-0.2611353623685451,-0.05398046060185836,1.0,1
-1.6520331092010538,1,0.6,-0.4564707981621004,1.0179071529429589,-0.2614411648911329,-0.2627815371865738,0.9355636998243043,0.07168605167925807,0.7,1
0.9421875482668489,1,4.0,0.14860986596113274,-0.21594539634017118,0.2090965260520884,0.8300340848073019,0.5673486037649657,0.19735256396037396,0.8,1
0.9421875482668489,1,5.7,0.46894668814402085,-0.3146536002828216,1.8122074963586448,2.559172727202675,0.751456151794635,0.07168605167925807,0.78,1
0.9421875482668489,1,6.8,0.6113186091141934,0.0719535318258925,1.7684365483639264,2.3655091992543933,0.29118728172046204,-0.1796469728829748,0.7,1
0.9421875482668489,1,8.6,0.8960624510545383,0.03082511351645482,1.8122074963586448,2.559172727202675,0.84350992580947,-0.1796469728829748,0.6,1
0.9421875482668489,1,5.8,0.43335370790147787,-0.3557820185922593,0.7617047444854065,1.0029479490468391,0.4752948297501314,-0.1796469728829748,0.7,1
0.9421875482668489,1,5.2,0.32657476717384837,-0.5038443245062348,0.24739610554746688,0.31820904665827154,0.29118728172046204,-0.30531348516409124,0.7,1
1.8686949259339571,1,0.9,-0.4564707981621004,-0.034980355778645444,-0.30521211288585115,-0.30082258731927203,-1.9181032946355674,-1.1849790711319053,1.0,1
-0.3549227804671025,1,3.8,0.006237944990960275,0.03082511351645482,0.1160832615633121,1.798351724548711,0.5673486037649657,0.19735256396037396,0.8,1
-0.3549227804671025,1,6.6,0.5401326486291071,-0.31054075845187784,0.597563689505213,2.90500045568175,-2.286318390694906,-1.8133116325374872,0.7,1
-1.6520331092010538,1,0.6,-0.49206377840464344,-0.10489866690468948,0.08872641906661319,0.17641967798185093,-0.5372966844130487,-0.05398046060185836,1.1,1
-1.6520331092010538,1,0.7,-0.49206377840464344,0.08840489914966757,1.2431851724273073,1.0202393354707928,0.3832410557352971,0.7000186130848397,1.1,1
-1.096128682600789,1,0.6,-0.4564707981621004,-0.5326342173228412,-0.29426937588717156,-0.2835312008953183,-2.5624797127394094,-1.9389781448186032,0.76,-1
-1.096128682600789,1,0.7,-0.4564707981621004,-0.19538118718545236,-0.3270975868832103,-0.30082258731927203,-1.0896193285020566,-1.0593125588507892,0.7,-1
-1.7138002677121944,1,0.9,-0.4564707981621004,-0.27352518197338394,-0.24502705939311353,-0.2247404870538756,0.3832410557352971,1.3283511744904213,1.55,1
0.6333517557111462,0,0.8,-0.4564707981621004,-0.26941234014244014,-0.36539716637858877,-0.30082258731927203,-0.3531891363833802,0.19735256396037396,1.2,-1
1.1274890238002706,1,0.5,-0.49206377840464344,-0.4956186408443473,-0.3270975868832103,-0.2835312008953183,-0.9055117804723873,-0.8079795342885564,0.8,1
-0.5402242560005242,1,5.3,0.2909817869313052,-0.5984396866179416,-0.26691253339047266,-0.062201454668710535,-1.273726876531726,-0.68231302200744,1.0,-1
-0.5402242560005242,1,5.3,0.2909817869313052,-0.5984396866179416,-0.26691253339047266,-0.062201454668710535,-1.273726876531726,-0.68231302200744,1.0,-1
-0.5402242560005242,1,0.8,-0.4564707981621004,-0.5449727428156725,-0.283326638888492,-0.24549015076262007,-0.44524291039821445,-1.1849790711319053,0.5,-1
-0.5402242560005242,1,0.8,-0.4564707981621004,-0.5449727428156725,-0.283326638888492,-0.24549015076262007,-0.44524291039821445,-1.1849790711319053,0.5,-1
-0.5402242560005242,1,0.9,-0.49206377840464344,0.804039377733883,-0.30521211288585115,-0.2627815371865738,-0.5372966844130487,-0.43097999744520765,0.9,-1
-1.2814301581342107,0,0.7,-0.4564707981621004,-0.4215874878873595,-0.3818112718766081,-0.3457801920215517,-0.9055117804723873,-1.0593125588507892,0.71,-1
0.20098164613316236,1,3.2,0.04183092523350343,-0.1378014015522396,-0.2614411648911329,0.020797200166267373,-0.721404232442718,-1.1849790711319053,0.62,1
-1.096128682600789,1,1.2,-0.38528483767701405,-0.4586030643658534,-0.09730010991093942,-0.24549015076262007,-0.3531891363833802,0.19735256396037396,1.1,-1
1.8069277674228166,1,0.6,-0.49206377840464344,-0.07610877408808311,-0.3106834813851909,-0.04145179095996605,-1.3657806505465602,-1.436312095694138,0.6,1
0.32451596315544345,1,5.8,0.5401326486291071,1.5237866981490422,0.5483213730111549,0.6052460612959034,-0.721404232442718,-1.0593125588507892,0.67,-1
0.32451596315544345,1,7.3,0.753690530084366,5.303488340786363,0.03948410257255515,-0.15903321864285141,-0.8134580064575531,-1.0593125588507892,0.6,-1
0.20098164613316236,1,0.7,-0.49206377840464344,5.509130432333552,-0.03711505641820181,0.134920350564362,-1.0896193285020566,-1.436312095694138,0.6,1
-0.7872928900450863,1,12.7,1.6791080163904872,-0.3969104369016969,10.500740673310219,9.807721916124079,-0.721404232442718,0.19735256396037396,1.3,1
-0.7872928900450863,1,15.9,1.9638518583308322,-0.04320603944053298,6.9443511487393605,5.152880690795734,-0.8134580064575531,-0.43097999744520765,1.0,1
-0.7872928900450863,1,18.0,2.3909676212413493,0.03082511351645482,6.397214298805382,3.250828184160824,-0.9975655544872216,-0.68231302200744,0.9,1
-0.7872928900450863,1,23.0,3.494350008760187,0.03905079717834235,2.1952032913124295,0.570663288447996,0.5673486037649657,0.4486855885226068,0.9,1
-0.7872928900450863,1,22.7,3.102827226092212,-0.002077621131095312,1.3197843314180644,0.010422368311895134,0.10707973369079272,-0.43097999744520765,0.7,1
0.8186532312445678,1,1.7,-0.2429129167068416,-0.4215874878873595,-0.11371421540895876,-0.0898676729470365,-0.5372966844130487,0.4486855885226068,1.4,-1
1.189256182311411,0,0.8,-0.4564707981621004,-0.4627159061967972,-0.3489830608805694,-0.31811397374322575,-0.16908158835371087,-0.05398046060185836,0.9,1
-1.0343615240896484,1,0.6,-0.49206377840464344,-0.466828748027741,-0.24502705939311353,-0.28007292361052755,0.3832410557352971,1.2026846622093044,1.4,-1
0.9421875482668489,1,1.8,-0.349691857434471,-0.36812054408509054,-0.1957847428990555,-0.2939060327496905,-2.3783721647097407,-1.8133116325374872,0.7,-1
0.20098164613316236,1,5.8,0.3621677474163915,2.1036973963121133,0.28569568504284537,-0.07603456380787352,-0.44524291039821445,-0.43097999744520765,0.8,1
1.189256182311411,1,3.0,-0.02935503525158288,-0.1748169780307335,-0.1903133743997157,-0.2420318734778293,0.015025959675958465,0.07168605167925807,0.9,1
0.8186532312445678,0,1.7,-0.2429129167068416,6.603146359364594,-0.10824284690961898,-0.09332595023182724,1.3958325698984773,0.951351637647072,0.95,1
0.015680170599740733,1,2.8,0.07742390547604651,-0.11312435056657702,-0.1301283209069781,-0.1555749413580607,-1.273726876531726,-1.0593125588507892,0.8,1
0.015680170599740733,1,3.2,-0.02935503525158288,0.9109732653384209,-0.16842790040235658,-0.1797828823515959,-0.44524291039821445,-0.5566465097263236,0.8,1
1.5598591333782543,0,0.7,-0.4564707981621004,-0.22005823817111494,-0.34351169238122964,-0.2835312008953183,-0.6293504584278837,-0.8079795342885564,0.75,-1
-1.6520331092010538,0,0.8,-0.4564707981621004,-0.37634622774697807,-0.2559697963917931,-0.27315636904094603,0.015025959675958465,0.4486855885226068,1.16,-1
0.5098174386888651,1,0.9,-0.38528483767701405,-0.21594539634017118,-0.3489830608805694,-0.3319470828823887,0.10707973369079272,-0.30531348516409124,0.8,1
-1.6520331092010538,1,1.8,-0.27850589694938477,-0.4627159061967972,-0.2504984278924533,-0.2558649826169923,0.29118728172046204,0.5743521008037232,1.1,1
1.312790499333692,1,11.3,1.4655501349352282,3.3704526802427934,6.397214298805382,16.66548577186413,0.4752948297501314,-0.9336460465696729,0.5,1
0.07744732911088127,0,4.7,0.25538880668876224,0.08017921548778002,-0.1027714784102792,-0.06911800923829202,-0.07702781433887579,-0.8079795342885564,0.6,1
-1.6520331092010538,1,0.8,-0.4564707981621004,-0.034980355778645444,-0.04805779341688137,0.10379585500124527,-0.9055117804723873,-0.8079795342885564,0.8,1
-1.6520331092010538,1,0.8,-0.4564707981621004,-0.034980355778645444,-0.04805779341688137,0.10379585500124527,-0.9055117804723873,-0.8079795342885564,0.8,1
-1.8373345847344755,1,0.8,-0.4564707981621004,0.3680781436538437,-0.30521211288585115,-0.15211666407326993,-0.3531891363833802,0.7000186130848397,1.5,1
0.9421875482668489,1,0.6,-0.49206377840464344,-0.4298131715492471,-0.33256895538255005,-0.3077391418888535,-0.2611353623685451,0.19735256396037396,1.1,-1
1.312790499333692,0,4.2,0.21979582644621906,-0.5408599009847288,-0.35992579787924894,-0.2766146463257368,0.5673486037649657,-1.1849790711319053,0.4,1
-0.9108272070673674,1,1.6,-0.38528483767701405,0.1706617357685429,0.017598628575196017,0.10033757771645453,-0.8134580064575531,-0.5566465097263236,0.9,1
-0.9108272070673674,1,1.6,-0.38528483767701405,0.1706617357685429,0.017598628575196017,0.10033757771645453,-0.8134580064575531,-0.5566465097263236,0.9,1
0.015680170599740733,0,3.5,0.006237944990960275,-0.41747464605641577,-0.09730010991093942,-0.07949284109266426,-0.8134580064575531,-0.30531348516409124,1.0,1
1.2510233408225515,1,0.8,-0.4564707981621004,-0.36812054408509054,-0.34351169238122964,-0.30428086460406273,-0.9975655544872216,-0.30531348516409124,1.1,-1
1.312790499333692,0,2.9,-0.06494801549412596,-0.5038443245062348,-0.3270975868832103,-0.24894842804741082,-0.9055117804723873,-1.6876451202563707,0.4,1
1.2510233408225515,1,0.7,-0.49206377840464344,0.4174322456251689,-0.33256895538255005,-0.2766146463257368,-1.0896193285020566,-0.43097999744520765,1.1,1
0.32451596315544345,1,0.9,-0.4564707981621004,-0.3640077022541468,-0.33256895538255005,-0.29044775546489976,0.6594023777798007,1.70535071133377,1.66,1
0.9421875482668489,1,0.8,-0.4564707981621004,-0.01852898845487038,-0.3270975868832103,-0.286989478180109,0.5673486037649657,1.0770181499281883,1.2,1
0.6951189142222867,1,1.1,-0.349691857434471,-0.45449022253490967,-0.27785527038915225,-0.23511531890824783,0.3832410557352971,0.8256851253659556,1.2,-1
0.32451596315544345,1,1.6,-0.2429129167068416,-0.2982022329590465,-0.34351169238122964,-0.31119741917364424,-0.5372966844130487,-0.30531348516409124,0.96,1
0.07744732911088127,0,0.8,-0.4564707981621004,-0.44626453887302214,-0.33256895538255005,-0.2420318734778293,-0.44524291039821445,-0.30531348516409124,0.9,1
0.4480502801777245,1,0.6,-0.49206377840464344,-0.4627159061967972,-0.2997407443865114,-0.286989478180109,0.015025959675958465,0.5743521008037232,1.2,-1
-0.6637585730228053,1,5.9,0.3621677474163915,-0.002077621131095312,-0.1957847428990555,0.42541564248678465,-0.8134580064575531,-0.5566465097263236,0.9,1
-0.6637585730228053,1,8.7,0.8960624510545383,0.03082511351645482,-0.12465695240763833,0.09687930043166379,-0.6293504584278837,-0.9336460465696729,0.7,1
-0.7872928900450863,1,0.9,-0.4208778179195572,0.7053311737912326,-0.059000530415560935,-0.096784227516618,-0.2611353623685451,-0.05398046060185836,1.0,1
1.6833934504005355,1,0.7,-0.49206377840464344,-0.3886847532398094,-0.33256895538255005,-0.25932325990178307,-0.6293504584278837,-1.436312095694138,0.5,1
1.6833934504005355,1,0.7,-0.49206377840464344,-0.3886847532398094,-0.33256895538255005,-0.25932325990178307,-0.6293504584278837,-1.436312095694138,0.5,1
0.32451596315544345,1,1.2,-0.38528483767701405,-0.034980355778645444,-0.24502705939311353,-0.2696980917561553,0.6594023777798007,0.951351637647072,1.1,1
0.9421875482668489,1,11.0,1.2163992732374267,1.8898296211030374,0.32399526453822386,0.8300340848073019,-0.9055117804723873,-1.3106455834130215,0.6,1
0.9421875482668489,1,11.5,1.2519922534799697,3.1236821703861675,0.09966915606529275,0.26633488738641037,-0.2611353623685451,-0.43097999744520765,0.8,1
0.9421875482668489,1,5.8,0.43335370790147787,1.2687905046305286,-0.20672747989773507,-0.15211666407326993,-0.9975655544872216,-1.6876451202563707,0.5,1
-0.3549227804671025,1,1.9,-0.20731993646429847,-0.45449022253490967,-0.21219884839707484,-0.1659497732124329,0.84350992580947,1.454017686771537,1.38,1
-0.3549227804671025,1,1.9,-0.20731993646429847,-0.45449022253490967,-0.21219884839707484,-0.1659497732124329,0.84350992580947,1.454017686771537,1.38,1
0.20098164613316236,1,4.5,0.2909817869313052,-0.034980355778645444,-0.37086853487792854,-0.12445044579494396,0.4752948297501314,-0.9336460465696729,0.52,1
0.13921448762202182,0,3.0,0.006237944990960275,0.006148062530792222,-0.09182874141159963,-0.14865838678847917,-0.8134580064575531,-1.6876451202563707,0.47,1
0.9421875482668489,1,22.8,3.957058751913247,2.7617520892631156,-0.15201379490433725,-0.23857359619303858,0.3832410557352971,0.19735256396037396,0.9,1
0.9421875482668489,1,8.9,0.8960624510545383,2.7123979872917907,-0.2614411648911329,-0.2696980917561553,0.29118728172046204,-0.05398046060185836,0.8,1
1.6833934504005355,1,1.7,-0.2429129167068416,-0.37223338591603433,-0.2887980073878318,-0.25240670533220155,-0.2611353623685451,-0.1796469728829748,0.93,1
-0.04608698791139981,0,1.9,-0.31409887719192786,0.03082511351645482,1.626180967381092,1.70151996057457,0.10707973369079272,0.19735256396037396,1.0,1
0.6333517557111462,1,14.1,2.1774097397860905,1.8898296211030374,-0.2504984278924533,-0.16249149592764217,-1.3657806505465602,-1.9389781448186032,0.47,1
-0.8490600485562269,1,0.6,-0.49206377840464344,-0.4750544316896285,-0.17937063740103615,-0.2627815371865738,-0.44524291039821445,0.7000186130848397,1.6,1
-0.8490600485562269,1,0.6,-0.49206377840464344,-0.4750544316896285,-0.17937063740103615,-0.2627815371865738,-0.44524291039821445,0.7000186130848397,1.6,1
-0.8490600485562269,1,0.8,-0.4564707981621004,-0.38045906957792186,-0.20672747989773507,-0.27315636904094603,0.751456151794635,1.0770181499281883,1.2,1
0.6333517557111462,1,0.8,-0.4564707981621004,0.787588010410108,0.17079694655670993,-0.03799351367517531,-0.721404232442718,-0.68231302200744,0.8,1
1.8686949259339571,1,14.8,2.6757114631816945,3.000296915457854,-0.05352916191622115,-0.23511531890824783,-1.0896193285020566,-1.1849790711319053,0.7,1
1.8686949259339571,1,10.6,1.2519922534799697,1.1166153568856092,-0.23955569089377377,-0.28007292361052755,-1.273726876531726,-1.6876451202563707,0.5,1
1.8686949259339571,1,8.0,1.1096203325097969,0.3927551946395063,-0.27785527038915225,-0.2939060327496905,-0.9055117804723873,-1.6876451202563707,0.48,1
1.8686949259339571,1,2.8,-0.06494801549412596,-0.16659129436884598,-0.3161548498845307,-0.28007292361052755,-3.4830174528877555,-2.818643730786418,0.5,1
1.8686949259339571,1,2.9,-0.06494801549412596,-0.2982022329590465,-0.2614411648911329,-0.25240670533220155,-3.206856130843252,-2.0646446570997194,1.0,1
1.2510233408225515,1,1.9,-0.2429129167068416,-0.4956186408443473,-0.24502705939311353,-0.2316570416234571,-2.4704259387245755,-2.190311169380836,0.58,-1
-0.293155621955962,1,0.6,-0.49206377840464344,-0.4915057990134036,-0.33256895538255005,-0.3215722510280165,-0.9975655544872216,-0.8079795342885564,0.8,1
1.189256182311411,1,1.1,-0.38528483767701405,-0.36812054408509054,-0.34351169238122964,-0.314655696458435,0.3832410557352971,1.2026846622093044,1.4,1
-0.4166899389782431,1,1.5,-0.38528483767701405,0.03082511351645482,-0.11371421540895876,-0.024160404536012325,-0.44524291039821445,-0.1796469728829748,1.0,-1
0.9421875482668489,1,3.2,0.11301688571858967,1.8898296211030374,-0.009758213921502897,0.12108724142519901,1.2117250218688078,0.07168605167925807,0.69,1
0.9421875482668489,1,2.1,-0.17172695622175535,-0.40924896239452824,0.1817396835553895,0.47383152447385507,-2.286318390694906,-1.9389781448186032,0.6,1
0.9421875482668489,1,1.9,-0.2429129167068416,1.330483132094685,-0.21219884839707484,-0.24894842804741082,-1.8260495206207332,-1.6876451202563707,0.6,1
0.20098164613316236,0,0.8,-0.4564707981621004,-0.2982022329590465,-0.26691253339047266,-0.2835312008953183,-1.181673102516891,-0.8079795342885564,0.9,-1
0.9421875482668489,1,6.3,0.6113186091141934,0.0966305828115551,0.20362515755274863,0.01388064559668588,0.10707973369079272,0.7000186130848397,1.27,1
0.9421875482668489,1,5.8,0.5401326486291071,-0.1378014015522396,0.143440104060011,-0.02070212725122158,0.10707973369079272,0.4486855885226068,1.12,1
0.9421875482668489,1,2.3,-0.31409887719192786,-0.07610877408808311,-0.009758213921502897,-0.2039908233451311,0.10707973369079272,0.4486855885226068,1.1,1
0.2627488046443029,1,1.3,-0.38528483767701405,-0.34755633493037175,-0.27785527038915225,-0.2939060327496905,-0.44524291039821445,-0.05398046060185836,1.06,-1
0.2627488046443029,1,2.0,-0.31409887719192786,-0.3352178094375404,-0.17937063740103615,-0.2696980917561553,-0.721404232442718,-0.1796469728829748,1.1,-1
0.9421875482668489,1,2.4,-0.17172695622175535,3.428032465876006,-0.27785527038915225,-0.1936159914907589,-1.181673102516891,-1.5619786079752545,0.5,1
0.9421875482668489,1,2.0,-0.1361339759792122,1.5361252236418734,-0.15748516340367702,-0.02070212725122158,-0.44524291039821445,-1.3106455834130215,0.53,1
-1.1578958411119296,0,0.6,-0.4564707981621004,-0.6107782121107728,-0.3763399033772683,-0.2696980917561553,-0.721404232442718,-0.9336460465696729,0.75,1
-0.23138846344482145,1,0.9,-0.4564707981621004,-0.4997314826752911,-0.3216262183838705,-0.31811397374322575,-0.3531891363833802,-0.1796469728829748,0.9,-1
-2.3314718528236,0,27.2,3.672314909972903,4.645433647835361,3.8803847891090824,3.250828184160824,-0.3531891363833802,-1.436312095694138,0.4,1
0.2627488046443029,1,0.6,-0.49206377840464344,-0.2982022329590465,-0.16842790040235658,-0.19707426877554962,-1.3657806505465602,-0.9336460465696729,0.9,1
0.2627488046443029,1,0.6,-0.49206377840464344,-0.2982022329590465,-0.16842790040235658,-0.19707426877554962,-1.3657806505465602,-0.9336460465696729,0.9,1
-0.4166899389782431,0,0.8,-0.4564707981621004,-0.5984396866179416,-0.3380403238818898,-0.30082258731927203,-0.3531891363833802,-0.05398046060185836,1.03,-1
-1.4667316336676324,1,1.0,-0.4208778179195572,-0.6107782121107728,-0.29426937588717156,-0.3077391418888535,-0.07702781433887579,0.4486855885226068,1.2,-1
-1.4667316336676324,1,0.7,-0.4564707981621004,-0.6395681049273791,-0.29426937588717156,-0.29044775546489976,-0.07702781433887579,0.19735256396037396,1.0,-1
0.015680170599740733,1,2.5,-0.10054099573666912,-0.5244085336609537,-0.2887980073878318,-0.30428086460406273,1.0276174738391386,1.0770181499281883,1.1,1
-0.293155621955962,1,3.6,0.11301688571858967,-0.022641830285814145,-0.16842790040235658,-0.1728663277820144,0.4752948297501314,-0.30531348516409124,0.7,1
-0.293155621955962,1,3.9,0.07742390547604651,0.2446928887255307,4.755803749003447,4.80705296231666,0.1991335077056278,0.8256851253659556,1.3,1
1.5598591333782543,0,0.9,-0.4208778179195572,-0.289976549297159,-0.15201379490433725,-0.051826622814338294,-0.3531891363833802,-0.43097999744520765,0.68,1
0.015680170599740733,0,0.9,-0.4208778179195572,-0.41747464605641577,-0.3161548498845307,-0.2662398144713645,0.10707973369079272,0.951351637647072,,1
-1.0343615240896484,1,0.8,-0.4208778179195572,-0.413361804225472,-0.33256895538255005,-0.3319470828823887,-2.194264616680072,-0.9336460465696729,1.4,1
-0.16962130493368088,1,2.7,-0.06494801549412596,-0.2940893911281028,-0.11371421540895876,0.24212694639287513,0.4752948297501314,0.07168605167925807,0.8,1
-1.4049644751564918,1,2.7,-0.17172695622175535,-0.536747059153785,0.0066558915765164515,0.058838250298965576,-0.9055117804723873,-0.05398046060185836,1.2,-1
-2.2697046943124595,0,0.9,-0.4564707981621004,0.4544478221036628,-0.30521211288585115,-0.1797828823515959,0.9355636998243043,0.3230190762414904,0.8,1
-0.4166899389782431,1,1.7,-0.17172695622175535,-0.45449022253490967,-0.34351169238122964,-0.2627815371865738,0.6594023777798007,0.5743521008037232,1.0,1
1.312790499333692,1,0.6,-0.4564707981621004,-0.783517569010411,-0.3489830608805694,0.13146207327957124,-1.3657806505465602,0.19735256396037396,1.9,-1
0.6333517557111462,1,0.9,-0.4564707981621004,-0.7177120997153107,-0.24502705939311353,-0.3250305283128072,-0.2611353623685451,0.07168605167925807,1.0,-1
0.2627488046443029,1,1.1,-0.349691857434471,-0.5408599009847288,-0.27785527038915225,-0.27315636904094603,0.4752948297501314,1.454017686771537,1.5,1
-2.3932390113347406,1,0.6,-0.49206377840464344,-0.006190462962039079,-0.23408432239443397,-0.2766146463257368,-1.5498881985762296,-1.436312095694138,0.7,-1
-0.4784570974893836,1,0.8,-0.4564707981621004,-0.6806965232368168,-0.21767021689641464,-0.24549015076262007,-0.07702781433887579,0.3230190762414904,1.1,1
-0.4784570974893836,1,0.8,-0.4564707981621004,-0.590214002956054,-0.29426937588717156,-0.22128220976908486,-1.3657806505465602,-0.8079795342885564,1.0,1
0.13921448762202182,1,0.9,-0.4564707981621004,-0.40513612056358445,-0.23408432239443397,-0.29736431003448127,0.751456151794635,1.454017686771537,1.4,1
0.13921448762202182,1,0.9,-0.4564707981621004,-0.10489866690468948,-0.2231415853957544,-0.2835312008953183,1.3958325698984773,1.0770181499281883,1.0,1
0.32451596315544345,1,1.1,-0.4208778179195572,-0.4750544316896285,-0.33256895538255005,-0.314655696458435,0.5673486037649657,1.70535071133377,1.7,-1
1.5598591333782543,1,1.7,-0.349691857434471,0.45033498027271907,-0.1355996894063179,-0.22819876433866634,-0.721404232442718,-0.05398046060185836,1.1,1
-1.1578958411119296,1,0.6,-0.4564707981621004,-0.7012607323915356,-0.1957847428990555,-0.2039908233451311,1.3037787958836429,1.0770181499281883,1.0,1
-1.1578958411119296,1,1.3,-0.38528483767701405,-0.48328011535151605,-0.23408432239443397,-0.1659497732124329,1.3958325698984773,1.0770181499281883,1.0,1
1.4363248163559732,0,0.7,-0.4564707981621004,-0.4298131715492471,-0.34351169238122964,-0.32848880559759797,-0.07702781433887579,0.8256851253659556,1.4,1
1.2510233408225515,0,1.0,-0.4208778179195572,-0.3640077022541468,-0.2997407443865114,-0.3354053601671795,-1.0896193285020566,-0.68231302200744,0.9,-1
0.07744732911088127,1,0.6,-0.4564707981621004,-0.002077621131095312,-0.2997407443865114,-0.3077391418888535,-0.44524291039821445,-0.1796469728829748,1.0,1
1.0039547067779895,1,1.5,-0.31409887719192786,-0.3886847532398094,-0.10824284690961898,-0.08640939566224576,0.1991335077056278,0.8256851253659556,1.3,-1
1.0039547067779895,1,0.8,-0.49206377840464344,-0.034980355778645444,0.0230699970745358,0.41849908791720314,1.85610143997265,1.454017686771537,1.0,1
0.32451596315544345,1,2.7,0.04183092523350343,-0.5490855846466163,0.3732375810322819,0.1591282915578972,1.3037787958836429,-0.05398046060185836,0.6,1
-0.7255257315339458,1,2.0,-0.02935503525158288,7.4832945111865605,-0.17937063740103615,-0.07257628652308278,-0.2611353623685451,-0.1796469728829748,0.9,1
-0.293155621955962,0,0.9,-0.4564707981621004,-0.022641830285814145,-0.26691253339047266,-0.286989478180109,1.1196712478539737,0.4486855885226068,0.8,1
0.9421875482668489,1,1.5,-0.31409887719192786,0.2858213070349684,0.8164184294788043,0.6502036659981831,-1.8260495206207332,-1.436312095694138,0.8,1
-1.4049644751564918,1,0.8,-0.4564707981621004,0.03905079717834235,-0.1301283209069781,-0.2420318734778293,1.3037787958836429,0.8256851253659556,0.9,-1
-0.6019914145116647,0,0.9,-0.4208778179195572,-0.5449727428156725,-0.33256895538255005,-0.3250305283128072,1.3958325698984773,1.0770181499281883,1.0,1
-0.6019914145116647,0,0.9,-0.4564707981621004,-0.413361804225472,-0.2231415853957544,-0.25932325990178307,0.751456151794635,1.956683735896003,1.8,-1
-0.293155621955962,1,0.9,-0.4208778179195572,-0.3886847532398094,-0.06447189891490072,-0.21436565519950335,0.29118728172046204,-0.05398046060185836,0.8,1
0.20098164613316236,1,0.7,-0.4564707981621004,-0.5161828499990662,-0.26691253339047266,-0.2766146463257368,1.3958325698984773,1.0770181499281883,1.0,-1
0.386283121666584,1,0.8,-0.4564707981621004,-0.24884813098772132,-0.3106834813851909,-0.22128220976908486,0.015025959675958465,-0.05398046060185836,,1
-0.972594365578508,0,0.8,-0.4564707981621004,-0.3516691767613155,-0.27785527038915225,-0.30082258731927203,1.5799401179281456,1.2026846622093044,1.0,1
-1.0343615240896484,0,0.9,-0.4564707981621004,0.10485626647344262,-0.30521211288585115,-0.30082258731927203,1.85610143997265,2.962015834144933,1.8,1
0.5715845972000057,1,0.8,-0.4564707981621004,-0.2982022329590465,-0.33256895538255005,-0.314655696458435,-0.16908158835371087,-0.8079795342885564,0.6,1
0.5715845972000057,1,0.9,-0.4564707981621004,-0.002077621131095312,-0.35992579787924894,-0.31811397374322575,-0.3531891363833802,-0.43097999744520765,0.8,1
0.6333517557111462,1,1.8,2.6757114631816945,-0.07610877408808311,-0.3216262183838705,-0.10715905937099023,-0.3531891363833802,-0.5566465097263236,0.7,1
0.6333517557111462,1,0.9,-0.4564707981621004,-0.413361804225472,-0.30521211288585115,-0.2835312008953183,-0.5372966844130487,-0.5566465097263236,0.8,1
-0.293155621955962,1,0.7,-0.49206377840464344,-0.3640077022541468,-0.23955569089377377,-0.28007292361052755,-1.3657806505465602,-0.68231302200744,1.0,1
-0.7255257315339458,1,1.2,-0.4208778179195572,0.8533934797052082,-0.2887980073878318,-0.2939060327496905,0.4752948297501314,-0.1796469728829748,0.7,1
-0.7255257315339458,1,2.1,-0.06494801549412596,0.7793623267482204,-0.23408432239443397,-0.30428086460406273,0.015025959675958465,-0.1796469728829748,0.8,1
-0.7255257315339458,1,0.9,-0.2429129167068416,1.6019306929369737,-0.23955569089377377,-0.2420318734778293,-0.5372966844130487,-0.68231302200744,0.8,1
1.2510233408225515,1,1.1,-0.4208778179195572,-0.13368855972129584,-0.17937063740103615,-0.2420318734778293,0.4752948297501314,0.951351637647072,1.2,-1
-0.6019914145116647,0,0.6,-0.4564707981621004,-0.45449022253490967,-0.3763399033772683,-0.32848880559759797,-1.181673102516891,-0.5566465097263236,,-1
-0.4166899389782431,0,0.7,-0.49206377840464344,-0.5696497938013352,0.05042683957123471,-0.3077391418888535,0.5673486037649657,1.3283511744904213,1.4,-1
-0.4166899389782431,1,1.7,-0.27850589694938477,2.3381293806759076,0.04495547107189493,-0.21436565519950335,-0.44524291039821445,-0.1796469728829748,1.0,1
0.32451596315544345,1,0.9,-0.4208778179195572,2.510868737575546,-0.3161548498845307,-0.3215722510280165,-0.2611353623685451,0.4486855885226068,1.2,1
-0.04608698791139981,1,0.8,-0.4564707981621004,0.1830002612613742,0.3677662125329421,-0.082951118377455,-0.8134580064575531,-0.1796469728829748,1.1,1
-0.5402242560005242,1,0.8,-0.4564707981621004,-0.44626453887302214,-0.27238390188981243,-0.2627815371865738,-0.07702781433887579,0.8256851253659556,1.4,-1
-0.16962130493368088,1,30.5,4.526546435793938,-0.022641830285814145,-0.08635737291225985,0.06921308215333782,-1.181673102516891,-1.3106455834130215,0.6,1
-0.16962130493368088,1,16.4,2.6401184829391515,-0.18715550352356483,-0.1355996894063179,-0.07949284109266426,-0.9975655544872216,-1.436312095694138,0.5,1
-0.7255257315339458,1,1.5,1.9638518583308322,0.8821833725218146,0.6796342169953097,0.10379585500124527,0.9355636998243043,0.951351637647072,1.0,1
-1.6520331092010538,1,0.8,-0.4564707981621004,-0.2570738146496089,-0.1410710579056577,-0.1936159914907589,0.3832410557352971,1.0770181499281883,1.3,1
-0.4166899389782431,0,0.8,-0.4564707981621004,-0.4339260133801908,-0.30521211288585115,-0.3077391418888535,0.4752948297501314,-0.1796469728829748,0.7,1
-0.4166899389782431,1,0.8,-0.4564707981621004,-0.17892981986167728,-0.1410710579056577,-0.062201454668710535,0.84350992580947,1.454017686771537,1.38,-1
-2.5167733283570217,1,0.9,-0.4564707981621004,0.23646720506364316,-0.27785527038915225,-0.2627815371865738,1.3958325698984773,1.0770181499281883,1.0,-1
1.06572186528913,1,1.2,-0.38528483767701405,-0.3927975950707532,-0.23408432239443397,-0.1936159914907589,-0.16908158835371087,0.8256851253659556,1.5,1
-0.10785414642254035,0,0.9,-0.4208778179195572,-0.6190038957726604,-0.3763399033772683,-0.28007292361052755,0.84350992580947,0.4486855885226068,1.8,1
-0.293155621955962,1,14.5,1.7502939768755734,0.27759562337308086,-0.16842790040235658,-0.12099216851015321,-0.721404232442718,-1.3106455834130215,0.5,1
-1.1578958411119296,1,0.6,-0.49206377840464344,-0.7423891507009733,-0.35992579787924894,-0.31119741917364424,-3.390963678872921,-1.9389781448186032,1.3,1
-0.4784570974893836,1,0.7,-0.4564707981621004,-0.2282839218330025,0.0832550505672734,-0.1936159914907589,2.7766391801209958,2.2080167604582357,1.0,1
-2.5167733283570217,1,0.8,-0.4564707981621004,0.6971054901293451,0.38965168653030124,0.41849908791720314,0.015025959675958465,0.07168605167925807,0.9,-1
-1.4667316336676324,1,18.5,2.8536763643944107,0.3680781436538437,1.6918373893731695,1.3487756775259139,1.5799401179281456,1.2026846622093044,1.0,1
-0.9108272070673674,1,0.7,-0.4564707981621004,-0.11723719239752078,-0.35992579787924894,-0.31811397374322575,2.86869295413583,1.956683735896003,1.2,1
-0.7255257315339458,1,1.8,-0.2429129167068416,-0.3886847532398094,-0.30521211288585115,-0.30428086460406273,1.3958325698984773,1.0770181499281883,1.0,1
-1.1578958411119296,1,1.9,-0.2429129167068416,-0.45449022253490967,-0.3216262183838705,-0.314655696458435,1.5799401179281456,1.2026846622093044,1.0,-1
-0.6019914145116647,1,0.9,-0.4564707981621004,-0.413361804225472,-0.30521211288585115,-0.31119741917364424,-0.07702781433887579,0.5743521008037232,1.2,-1
0.9421875482668489,1,2.0,-0.2429129167068416,-0.413361804225472,-0.1957847428990555,-0.2420318734778293,-0.44524291039821445,-0.43097999744520765,0.8,1
0.015680170599740733,1,2.2,-0.2429129167068416,-0.3352178094375404,-0.30521211288585115,-0.31119741917364424,1.3958325698984773,1.0770181499281883,1.0,1
0.20098164613316236,0,1.0,-0.02935503525158288,-0.6025525284488853,-0.34351169238122964,-0.3319470828823887,1.6719938919429815,1.3283511744904213,1.0,1
0.8186532312445678,1,0.8,-0.4564707981621004,-0.6889222068987044,-0.1355996894063179,-0.21436565519950335,-0.44524291039821445,-0.1796469728829748,1.0,1
0.32451596315544345,1,0.7,-0.4564707981621004,-0.40513612056358445,-0.34351169238122964,-0.32848880559759797,0.84350992580947,1.3283511744904213,1.3,-1
0.32451596315544345,1,0.7,-0.4564707981621004,-0.4215874878873595,-0.3763399033772683,-0.3319470828823887,0.4752948297501314,0.3230190762414904,0.9,1
-1.6520331092010538,1,1.3,-0.27850589694938477,0.10485626647344262,-0.3872826403759479,-0.3077391418888535,-0.44524291039821445,-1.3106455834130215,0.5,-1
-1.6520331092010538,1,0.9,-0.4208778179195572,0.03905079717834235,-0.27785527038915225,-0.21436565519950335,1.3958325698984773,1.0770181499281883,1.0,1
-1.9608689017567567,1,1.5,-0.349691857434471,1.1700823006878782,-0.283326638888492,-0.29736431003448127,1.3037787958836429,0.951351637647072,0.9,1
-0.6637585730228053,0,0.8,-0.4564707981621004,-0.40513612056358445,-0.35992579787924894,-0.33886363745197023,1.9481552139874843,1.956683735896003,1.2,1
-0.10785414642254035,1,1.3,-0.31409887719192786,-0.5573112683085039,-0.35992579787924894,-0.31119741917364424,1.3958325698984773,1.0770181499281883,1.0,-1
0.32451596315544345,0,1.0,-0.349691857434471,-0.21183255450922742,-0.3544544293799092,-0.24549015076262007,0.9355636998243043,0.7000186130848397,0.9,1
0.7568860727334272,1,4.5,0.2909817869313052,0.10074342464249886,0.2145678945514282,-0.017243849966430833,0.4752948297501314,1.0770181499281883,1.3,1
0.015680170599740733,0,1.0,-0.4208778179195572,-0.16659129436884598,-0.17937063740103615,-0.22819876433866634,1.9481552139874843,1.454017686771537,1.0,1
0.9421875482668489,1,0.7,-0.4564707981621004,-0.47916727352057226,-0.26691253339047266,-0.3319470828823887,1.2117250218688078,1.3283511744904213,1.1,-1
0.015680170599740733,1,0.6,-0.4564707981621004,-0.18715550352356483,-0.3216262183838705,-0.29736431003448127,0.5673486037649657,0.3230190762414904,0.9,1
-1.3431973166453512,1,1.1,-0.349691857434471,-0.40924896239452824,-0.23955569089377377,-0.23857359619303858,1.1196712478539737,1.454017686771537,1.2,-1
-1.4049644751564918,1,2.4,-0.17172695622175535,0.20356447041609302,-0.30521211288585115,-0.3077391418888535,1.6719938919429815,1.70535071133377,1.1,1
-1.4049644751564918,1,0.6,-0.4564707981621004,-0.3640077022541468,-0.015229582420842679,-0.23857359619303858,1.3958325698984773,0.951351637647072,0.9,1
1.8069277674228166,0,0.9,-0.4208778179195572,-0.23239676366394627,-0.3544544293799092,-0.314655696458435,1.3037787958836429,1.0770181499281883,1.0,1
-1.2196629996230701,0,0.9,-0.4208778179195572,-0.5408599009847288,-0.3106834813851909,-0.2939060327496905,0.3832410557352971,1.5796841990526542,1.7,-1
-0.8490600485562269,0,1.1,-0.4208778179195572,-0.413361804225472,-0.2997407443865114,-0.32848880559759797,1.3037787958836429,0.8256851253659556,0.9,1
-1.2814301581342107,0,0.9,-0.4564707981621004,-0.3927975950707532,-0.2231415853957544,-0.25932325990178307,0.84350992580947,1.2026846622093044,1.2,-1
0.8186532312445678,1,0.8,-0.4564707981621004,-0.45449022253490967,-0.26691253339047266,-0.2939060327496905,1.5799401179281456,1.5796841990526542,1.1,-1
0.386283121666584,0,0.9,-0.4564707981621004,-0.04320603944053298,-0.3270975868832103,-0.2766146463257368,0.1991335077056278,0.07168605167925807,0.8,1
0.32451596315544345,0,1.7,-0.31409887719192786,0.573720235201032,-0.2887980073878318,-0.2696980917561553,0.29118728172046204,0.4486855885226068,1.0,1
0.32451596315544345,1,0.7,-0.4564707981621004,-0.34755633493037175,-0.34351169238122964,-0.3215722510280165,1.764047665957816,1.3283511744904213,1.0,-1
0.6333517557111462,0,0.8,-0.4564707981621004,-0.5573112683085039,-0.3270975868832103,-0.3215722510280165,0.3832410557352971,0.8256851253659556,1.4,1
0.5715845972000057,0,1.4,-0.27850589694938477,-0.3927975950707532,-0.24502705939311353,-0.3250305283128072,1.3037787958836429,0.7000186130848397,0.9,-1
0.20098164613316236,1,1.6,-0.17172695622175535,1.2235492444901472,-0.03711505641820181,0.010422368311895134,0.751456151794635,-0.9336460465696729,0.4,1
-0.9108272070673674,1,0.8,-0.4564707981621004,-0.47916727352057226,-0.3270975868832103,-0.2178239324842941,-1.7339957466058988,-1.0593125588507892,1.0,1
0.015680170599740733,0,0.8,-0.4564707981621004,-0.5161828499990662,-0.3216262183838705,-0.31811397374322575,1.5799401179281456,1.2026846622093044,1.0,1
0.20098164613316236,0,1.1,-0.27850589694938477,0.9726658928025774,0.5319072675131356,0.4842063563282273,1.3958325698984773,1.3283511744904213,1.1,1
0.386283121666584,1,0.8,-0.4564707981621004,-0.4750544316896285,-0.17937063740103615,-0.30428086460406273,1.4878863439133114,1.8310172236148858,1.3,1
0.5715845972000057,0,23.2,3.957058751913247,1.1659694588569345,-0.20672747989773507,-0.2178239324842941,0.6594023777798007,0.4486855885226068,0.9,1
-1.096128682600789,1,1.3,-0.31409887719192786,-0.7588405180247484,-0.30521211288585115,-0.1936159914907589,1.85610143997265,2.082350248177119,,-1
-0.9108272070673674,0,0.8,-0.4564707981621004,-0.5449727428156725,-0.30521211288585115,-0.30428086460406273,1.3037787958836429,1.70535071133377,1.3,-1
-1.1578958411119296,1,2.0,-0.20731993646429847,-0.3927975950707532,-0.3106834813851909,-0.1555749413580607,1.2117250218688078,1.454017686771537,1.2,1
-1.4049644751564918,1,0.9,-0.4208778179195572,-0.4586030643658534,-0.34351169238122964,-0.3077391418888535,0.1991335077056278,0.7000186130848397,1.2,-1
-0.04608698791139981,1,0.9,-0.4564707981621004,-0.44626453887302214,-0.283326638888492,-0.096784227516618,0.5673486037649657,0.7000186130848397,1.0,-1
-0.6019914145116647,1,0.7,-0.4564707981621004,-0.38045906957792186,-0.21219884839707484,-0.2766146463257368,0.29118728172046204,0.3230190762414904,1.0,1
-0.4166899389782431,1,3.7,0.25538880668876224,-0.30642791662093405,0.5373786360124754,0.4219573652019939,1.2117250218688078,1.70535071133377,1.3,1
-1.899101743245616,1,0.9,-0.4208778179195572,0.08017921548778002,-0.3270975868832103,-0.3250305283128072,1.4878863439133114,1.3283511744904213,1.0,-1
-0.9108272070673674,0,0.7,-0.4564707981621004,-0.9356927167553304,-0.27238390188981243,-0.286989478180109,-0.6293504584278837,0.3230190762414904,1.4,1
-0.9108272070673674,0,0.8,-0.4564707981621004,-0.38045906957792186,-0.27785527038915225,-0.1797828823515959,-1.181673102516891,-0.43097999744520765,1.1,1
-0.5402242560005242,1,1.7,-0.349691857434471,-0.3516691767613155,-0.24502705939311353,-0.2627815371865738,0.5673486037649657,0.951351637647072,1.2,1
-2.022636060267897,1,0.8,-0.4564707981621004,0.04727648084022989,-0.18484200590037594,-0.14865838678847917,0.1991335077056278,0.4486855885226068,1.1,-1
0.9421875482668489,1,2.6,-0.10054099573666912,-0.4915057990134036,-0.21219884839707484,-0.25240670533220155,-0.9975655544872216,-0.5566465097263236,1.0,1
-0.16962130493368088,1,0.8,-0.4564707981621004,-0.5449727428156725,-0.29426937588717156,-0.30082258731927203,0.1991335077056278,-0.05398046060185836,0.8,-1
-0.5402242560005242,0,1.2,-0.38528483767701405,0.27759562337308086,0.4334226345250195,-0.06911800923829202,1.6719938919429815,1.5796841990526542,1.1,-1
-1.2814301581342107,1,3.3,0.04183092523350343,-0.47916727352057226,-0.3818112718766081,-0.2662398144713645,1.0276174738391386,0.951351637647072,1.0,-1
-0.10785414642254035,1,0.8,-0.4564707981621004,-0.40513612056358445,-0.283326638888492,-0.31119741917364424,-0.44524291039821445,-0.30531348516409124,0.9,-1
-1.4667316336676324,1,0.7,-0.4564707981621004,-0.3269921257756529,-0.36539716637858877,-0.30082258731927203,0.751456151794635,1.2026846622093044,1.2,-1
-1.1578958411119296,1,2.0,-0.20731993646429847,-0.5490855846466163,-0.14654242640499746,-0.14520010950368845,-0.3531891363833802,-0.5566465097263236,0.8,1
-1.1578958411119296,1,1.7,-0.31409887719192786,-0.33110496760659663,-0.1027714784102792,-0.18669943692117738,-0.9975655544872216,-1.1849790711319053,0.6,1
-1.1578958411119296,1,7.1,0.6469115893567364,-0.13368855972129584,-0.0042868454221631136,0.010422368311895134,-0.2611353623685451,-0.30531348516409124,0.8,1
-0.5402242560005242,0,0.7,-0.4564707981621004,-0.5696497938013352,-0.3270975868832103,-0.2939060327496905,-0.5372966844130487,-0.05398046060185836,1.1,-1
-1.9608689017567567,0,0.7,-0.4564707981621004,0.2446928887255307,-0.3489830608805694,-0.29736431003448127,0.84350992580947,1.0770181499281883,1.1,1
-1.9608689017567567,0,0.7,-0.49206377840464344,-0.44626453887302214,-0.3106834813851909,-0.314655696458435,2.2243165360319885,2.2080167604582357,1.2,1
1.8686949259339571,1,6.7,0.753690530084366,0.6888798064674575,0.6413346374999312,0.11417068685561751,-0.2611353623685451,0.07168605167925807,1.0,1
1.8686949259339571,1,2.5,-0.10054099573666912,0.3475139344991249,0.0230699970745358,-0.14520010950368845,-0.07702781433887579,-0.30531348516409124,0.8,1
1.8686949259339571,1,1.8,-0.2429129167068416,0.47089918942743786,-0.009758213921502897,-0.20744910062992186,-0.3531891363833802,-0.30531348516409124,0.9,1
1.8686949259339571,1,1.4,-0.38528483767701405,-0.31054075845187784,-0.16842790040235658,-0.2766146463257368,-0.5372966844130487,-0.68231302200744,0.7,1
1.8686949259339571,1,0.9,-0.4564707981621004,-0.34755633493037175,-0.20125611139839528,-0.2662398144713645,-0.2611353623685451,-0.30531348516409124,0.8,1
-0.5402242560005242,0,0.8,-0.4564707981621004,1.4785454380086607,-0.059000530415560935,0.09687930043166379,0.10707973369079272,-0.05398046060185836,0.8,1
-0.6019914145116647,1,0.8,-0.4564707981621004,-0.38045906957792186,-0.24502705939311353,-0.2696980917561553,0.4752948297501314,1.0770181499281883,1.3,-1
1.5598591333782543,1,3.1,0.04183092523350343,-0.38045906957792186,-0.2231415853957544,-0.2835312008953183,-0.8134580064575531,-1.436312095694138,0.5,1
-0.4784570974893836,1,0.8,-0.4564707981621004,-0.3927975950707532,-0.11371421540895876,-0.2420318734778293,1.5799401179281456,2.3336832727393517,1.5,-1
0.9421875482668489,1,2.9,-0.06494801549412596,-0.24884813098772132,-0.26691253339047266,-0.22819876433866634,-0.8134580064575531,-1.436312095694138,0.5,1
0.07744732911088127,1,0.6,-0.4564707981621004,-0.7218249415462545,-0.36539716637858877,-0.34232191473676093,0.3832410557352971,0.3230190762414904,0.9,1
-0.4166899389782431,1,0.7,-0.4564707981621004,-0.30642791662093405,1.4675112809002384,-0.017243849966430833,0.4752948297501314,0.4486855885226068,1.0,1
1.5598591333782543,1,1.3,-0.38528483767701405,0.27759562337308086,-0.3380403238818898,-0.3319470828823887,-0.3531891363833802,-0.43097999744520765,0.8,1
0.2627488046443029,0,0.8,-0.4564707981621004,-0.5449727428156725,-0.3380403238818898,-0.32848880559759797,0.10707973369079272,0.5743521008037232,1.2,-1
-0.4784570974893836,1,1.8,-0.2429129167068416,-0.5984396866179416,-0.1027714784102792,-0.1797828823515959,-0.721404232442718,-0.30531348516409124,1.0,1
-0.4784570974893836,1,1.3,-0.38528483767701405,-0.3927975950707532,-0.21767021689641464,-0.24894842804741082,-1.0896193285020566,-1.3106455834130215,0.6,1
-1.1578958411119296,0,0.7,-0.4564707981621004,-0.6025525284488853,-0.24502705939311353,-0.2662398144713645,1.5799401179281456,1.454017686771537,1.1,1
0.20098164613316236,0,1.4,-0.2429129167068416,1.3592730249112914,0.15985420955803037,0.22829383725371213,0.6594023777798007,0.951351637647072,1.1,1
0.20098164613316236,0,0.8,-0.4564707981621004,-0.5778754774632227,-0.30521211288585115,-0.30082258731927203,0.9355636998243043,0.951351637647072,1.0,1
-1.5902659506899135,1,1.4,-0.2429129167068416,-0.4627159061967972,-0.37086853487792854,-0.29044775546489976,1.3958325698984773,1.8310172236148858,1.3,-1
-0.7255257315339458,1,0.7,-0.4564707981621004,-0.1419142433831834,-0.3270975868832103,-0.2766146463257368,1.85610143997265,0.951351637647072,0.8,1
-0.7255257315339458,1,2.1,-0.27850589694938477,-0.3516691767613155,-0.16842790040235658,-0.24894842804741082,0.29118728172046204,-0.1796469728829748,0.7,1
-0.4784570974893836,1,0.7,-0.4564707981621004,-0.47094158985868473,-0.2887980073878318,-0.2627815371865738,-0.8134580064575531,-0.68231302200744,0.8,1
1.4980919748671138,0,0.8,-0.4564707981621004,-0.5943268447869977,-0.21219884839707484,-0.13828355493410693,1.764047665957816,2.2080167604582357,1.4,-1
-1.2814301581342107,1,0.7,-0.4564707981621004,-0.2982022329590465,-0.18484200590037594,-0.29044775546489976,0.10707973369079272,0.19735256396037396,1.0,1
1.2510233408225515,0,0.7,-0.4564707981621004,-0.44626453887302214,-0.3161548498845307,-0.2835312008953183,0.29118728172046204,-0.30531348516409124,0.7,-1
0.6333517557111462,1,1.1,-0.4208778179195572,-0.31054075845187784,-0.3270975868832103,-0.32848880559759797,-0.2611353623685451,-0.30531348516409124,0.8,-1
-0.16962130493368088,0,0.9,-0.4564707981621004,-0.5161828499990662,-0.2997407443865114,-0.28007292361052755,1.85610143997265,1.5796841990526542,1.0,-1
-1.4667316336676324,1,0.8,-0.4564707981621004,-0.44215169704207835,-0.2614411648911329,-0.18324115963638665,0.29118728172046204,0.4486855885226068,1.0,-1
-0.293155621955962,1,0.7,-0.4564707981621004,-0.47094158985868473,-0.2887980073878318,-0.2316570416234571,-1.0896193285020566,-0.9336460465696729,0.8,-1
-1.775567426223335,1,0.7,-0.4564707981621004,0.5243661332297068,-0.2887980073878318,-0.25932325990178307,0.6594023777798007,1.2026846622093044,1.3,-1
0.9421875482668489,1,2.2,-0.17172695622175535,-0.08022161591902688,-0.1957847428990555,-0.20053254606034038,-0.3531891363833802,-0.30531348516409124,0.9,-1
-0.16962130493368088,0,0.8,-0.4564707981621004,-0.44626453887302214,-0.3216262183838705,-0.31119741917364424,0.6594023777798007,0.951351637647072,1.1,1
0.8186532312445678,0,0.8,-0.4564707981621004,-0.660132314082098,-0.3106834813851909,-0.2939060327496905,0.4752948297501314,1.0770181499281883,1.3,1
0.5715845972000057,0,22.6,3.52994298900273,1.1001639895618343,-0.27785527038915225,-0.25240670533220155,1.2117250218688078,0.3230190762414904,0.8,1
-0.7255257315339458,1,0.8,-0.4564707981621004,-0.6395681049273791,-0.27785527038915225,-0.28007292361052755,0.6594023777798007,1.5796841990526542,1.5,-1
0.20098164613316236,1,0.7,-0.4564707981621004,0.1459846847828803,-0.283326638888492,-0.3215722510280165,2.0402089880023184,2.962015834144933,1.7,1
-1.2196629996230701,0,0.7,-0.49206377840464344,-0.6190038957726604,-0.26691253339047266,-0.2939060327496905,1.0276174738391386,1.454017686771537,1.3,-1
0.6951189142222867,0,0.7,-0.49206377840464344,-0.5984396866179416,-0.2997407443865114,-0.30082258731927203,0.4752948297501314,1.0770181499281883,1.3,-1
0.13921448762202182,1,3.5,0.04183092523350343,-0.34755633493037175,-0.26691253339047266,-0.27315636904094603,0.29118728172046204,0.3230190762414904,1.0,1
-0.7255257315339458,1,0.7,-0.49206377840464344,-0.5038443245062348,-0.2504984278924533,-0.2662398144713645,0.4752948297501314,0.7000186130848397,1.1,1
-1.528498792178773,0,0.6,-0.4564707981621004,-0.3640077022541468,-0.3763399033772683,-0.3354053601671795,-0.3531891363833802,-0.1796469728829748,0.9,-1
0.32451596315544345,0,0.7,-0.49206377840464344,-0.40513612056358445,-0.33256895538255005,-0.23857359619303858,0.751456151794635,0.19735256396037396,0.8,1
1.6833934504005355,1,0.7,-0.4564707981621004,-0.4339260133801908,-0.3544544293799092,-0.30428086460406273,0.751456151794635,0.7000186130848397,1.0,-1
0.32451596315544345,1,1.7,-0.2429129167068416,0.16654889393759914,-0.24502705939311353,-0.19707426877554962,0.751456151794635,0.3230190762414904,0.9,1
-0.3549227804671025,1,0.6,-0.4564707981621004,-0.4215874878873595,-0.2887980073878318,-0.2316570416234571,1.4878863439133114,0.19735256396037396,0.6,1
0.8186532312445678,0,0.7,-0.49206377840464344,-0.4873929571824598,-0.29426937588717156,-0.30428086460406273,0.1991335077056278,0.07168605167925807,0.9,1
0.9421875482668489,0,1.4,-0.27850589694938477,-0.5408599009847288,-0.3872826403759479,-0.33886363745197023,-1.4578344245613946,-0.8079795342885564,1.0,-1
-0.6637585730228053,1,3.7,0.21979582644621906,0.8204907450576581,0.18721105205472927,-0.06565973195350128,0.015025959675958465,-0.43097999744520765,0.7,1
0.32451596315544345,1,0.8,-0.4564707981621004,-0.5696497938013352,-0.283326638888492,-0.2766146463257368,0.84350992580947,1.2026846622093044,1.3,1
-0.4166899389782431,1,2.7,-0.02935503525158288,-0.7629533598556921,-0.30521211288585115,-0.3077391418888535,0.9355636998243043,1.3283511744904213,1.2,-1
0.386283121666584,1,0.8,-0.4564707981621004,-0.536747059153785,-0.2559697963917931,-0.31119741917364424,0.3832410557352971,0.7000186130848397,1.1,1
0.07744732911088127,1,0.8,-0.4564707981621004,-0.536747059153785,-0.27238390188981243,-0.2420318734778293,0.751456151794635,0.8256851253659556,1.1,1
1.6833934504005355,1,0.6,-0.49206377840464344,-0.7752918853485234,-0.27238390188981243,-0.25932325990178307,-0.16908158835371087,0.07168605167925807,1.0,1
1.6833934504005355,1,0.8,-0.4564707981621004,-0.5861011611251102,-0.3161548498845307,-0.25932325990178307,-0.44524291039821445,-0.1796469728829748,1.0,1
1.8686949259339571,1,0.9,-0.4564707981621004,-0.5285213754918975,-0.30521211288585115,-0.31119741917364424,0.3832410557352971,0.7000186130848397,1.1,1
-0.23138846344482145,1,7.5,1.0028413917821677,-0.5819883192941664,0.07231231356859384,-0.062201454668710535,-0.16908158835371087,-0.05398046060185836,0.9,1
-0.23138846344482145,1,2.7,-0.06494801549412596,1.1906465098425971,0.3349380015369034,-0.14520010950368845,1.3958325698984773,1.0770181499281883,1.0,1
0.20098164613316236,0,1.0,-0.4208778179195572,0.08017921548778002,-0.23955569089377377,-0.18669943692117738,-0.5372966844130487,-0.8079795342885564,0.7,1
0.015680170599740733,1,0.8,-0.4564707981621004,-0.6190038957726604,-0.3106834813851909,-0.31119741917364424,-0.16908158835371087,0.07168605167925807,1.0,-1
1.8069277674228166,1,1.0,-0.4208778179195572,-0.4750544316896285,-0.27785527038915225,-0.2696980917561553,-0.07702781433887579,0.3230190762414904,1.1,1
2.0539964014673786,1,1.0,-0.4208778179195572,-0.5696497938013352,-0.2887980073878318,-0.13828355493410693,-0.16908158835371087,-0.05398046060185836,0.9,1
-0.4166899389782431,1,0.8,-0.4564707981621004,-0.3393306512684842,-0.30521211288585115,-0.20744910062992186,0.5673486037649657,0.7000186130848397,1.0,1
-1.096128682600789,1,1.0,-0.4564707981621004,-0.3516691767613155,0.3075811590402045,0.12108724142519901,-0.44524291039821445,-0.1796469728829748,1.0,1
1.312790499333692,0,0.7,-0.4564707981621004,-0.5285213754918975,-0.3106834813851909,-0.31119741917364424,-0.07702781433887579,0.07168605167925807,1.0,-1
0.32451596315544345,1,7.3,0.789283510326909,-0.8164203036579611,-0.20125611139839528,0.4357904743411569,0.29118728172046204,-1.9389781448186032,0.3,1
-0.16962130493368088,0,0.5,-0.49206377840464344,-0.5285213754918975,0.40606579202832055,-0.006869018112058595,1.4878863439133114,1.0770181499281883,0.9,1
1.2510233408225515,1,0.7,-0.4564707981621004,-0.37634622774697807,-0.3380403238818898,-0.30428086460406273,-0.16908158835371087,0.5743521008037232,1.3,-1
-1.4049644751564918,1,0.8,-0.4564707981621004,-0.38045906957792186,-0.33256895538255005,-0.29044775546489976,0.29118728172046204,0.951351637647072,1.3,1
-0.8490600485562269,0,0.8,-0.4564707981621004,-0.31054075845187784,-0.35992579787924894,-0.3077391418888535,1.0276174738391386,1.0770181499281883,1.1,1
0.015680170599740733,1,0.7,-0.4564707981621004,-0.45449022253490967,-0.34351169238122964,-0.1797828823515959,0.1991335077056278,0.7000186130848397,1.2,-1
-2.022636060267897,1,1.0,-0.4564707981621004,1.7623315243437807,0.41700852902700014,-0.006869018112058595,0.6594023777798007,0.7000186130848397,1.0,1
0.20098164613316236,1,2.4,-0.1361339759792122,1.083712622238059,0.3294666330375636,-0.1279087230797347,0.9355636998243043,0.5743521008037232,0.9,1
0.20098164613316236,1,5.0,0.39776072765893467,1.0878254640690028,1.1118723284431526,0.2767097192407826,0.015025959675958465,0.19735256396037396,1.0,1
-1.6520331092010538,1,1.4,-0.31409887719192786,-0.31054075845187784,1.9654058143401587,2.559172727202675,-1.3657806505465602,-1.5619786079752545,0.6,1
-1.3431973166453512,0,2.3,-0.2429129167068416,0.8986347398455896,-0.2887980073878318,-0.22819876433866634,0.3832410557352971,-0.30531348516409124,0.7,-1
1.2510233408225515,1,4.9,0.43335370790147787,-0.413361804225472,-0.2614411648911329,-0.1348252776493162,0.5673486037649657,-0.30531348516409124,0.7,1
0.20098164613316236,1,0.7,-0.4564707981621004,-0.3393306512684842,-0.35992579787924894,-0.2766146463257368,-1.7339957466058988,-1.3106455834130215,0.8,-1
1.2510233408225515,1,1.4,-0.31409887719192786,-0.1254628760594083,-0.2887980073878318,-0.29736431003448127,-1.181673102516891,-1.1849790711319053,0.7,-1
1.5598591333782543,1,1.3,-0.4208778179195572,1.6430591112464115,0.06684094506925406,-0.2420318734778293,-2.6545334867542443,-0.5566465097263236,0.7,1
1.5598591333782543,1,0.6,-0.49206377840464344,2.3504679061687392,-0.026172319419522243,0.24212694639287513,-0.16908158835371087,-0.5566465097263236,0.75,1
-2.0844032187790376,1,0.7,-0.49206377840464344,1.2400006118139222,-0.2997407443865114,-0.28007292361052755,0.5673486037649657,1.3283511744904213,1.4,-1
0.32451596315544345,1,4.2,0.2909817869313052,0.6559770718199074,-0.06447189891490072,-0.20744910062992186,0.4752948297501314,-0.1796469728829748,0.7,1
0.6333517557111462,0,8.2,0.8604694708119953,4.357534719669298,-0.15748516340367702,-0.1555749413580607,0.1991335077056278,-0.30531348516409124,0.7,1
0.6333517557111462,0,10.9,1.2875852337225127,4.357534719669298,-0.17937063740103615,-0.18324115963638665,-0.07702781433887579,-1.0593125588507892,0.5,1
-1.1578958411119296,1,1.0,-0.4208778179195572,-0.5244085336609537,-0.17937063740103615,-0.1348252776493162,0.5673486037649657,0.7000186130848397,1.0,-1
-0.23138846344482145,1,1.2,-0.349691857434471,-0.18304266169262104,-0.2559697963917931,-0.23511531890824783,0.3832410557352971,0.3230190762414904,0.97,1
0.5098174386888651,1,1.6,-0.20731993646429847,-0.4627159061967972,-0.20125611139839528,-0.17632460506680514,0.015025959675958465,0.951351637647072,1.5,-1
-0.7872928900450863,0,0.7,-0.49206377840464344,-0.20771971267828365,-0.3763399033772683,-0.32848880559759797,0.4752948297501314,-0.1796469728829748,0.7,1
0.8186532312445678,1,0.4,-0.49206377840464344,-0.783517569010411,-0.11918558390829855,0.055379973014174834,-2.0101570686504027,-0.8079795342885564,1.4,1
0.015680170599740733,1,1.3,-0.31409887719192786,-0.5120700081681224,-0.17389926890169638,-0.23511531890824783,-0.8134580064575531,-0.8079795342885564,0.8,-1
1.2510233408225515,1,0.9,-0.4564707981621004,-0.4956186408443473,-0.2614411648911329,-0.15211666407326993,0.4752948297501314,-0.1796469728829748,0.75,1
0.4480502801777245,0,0.6,-0.49206377840464344,-0.3969104369016969,-0.3872826403759479,-0.33886363745197023,0.3832410557352971,0.19735256396037396,0.9,-1
1.745160608911676,1,1.9,-0.27850589694938477,6.002671452046804,0.1160832615633121,0.10725413228603603,-0.9055117804723873,-1.436312095694138,0.5,1
0.5098174386888651,0,0.7,-0.49206377840464344,-0.44626453887302214,-0.33256895538255005,-0.2662398144713645,-1.5498881985762296,-1.5619786079752545,0.6,1
0.13921448762202182,0,0.8,-0.4564707981621004,-0.2241710800020587,-0.3872826403759479,-0.3354053601671795,0.1991335077056278,-0.30531348516409124,0.76,-1
-0.972594365578508,1,0.7,-0.4564707981621004,-0.5161828499990662,-0.1410710579056577,-0.07949284109266426,0.9355636998243043,1.8310172236148858,1.58,1
-0.23138846344482145,0,0.9,-0.4564707981621004,-0.36812054408509054,-0.27238390188981243,-0.29736431003448127,1.0276174738391386,0.8256851253659556,1.0,-1
-0.9108272070673674,0,0.7,-0.4564707981621004,-0.3969104369016969,-0.26691253339047266,-0.2558649826169923,0.9355636998243043,0.5743521008037232,0.92,-1
-1.7138002677121944,0,0.5,-0.49206377840464344,-0.34755633493037175,-0.2887980073878318,-0.3077391418888535,0.5673486037649657,1.70535071133377,1.7,-1
-1.3431973166453512,1,1.0,-0.4208778179195572,-0.3228792839447091,-0.21767021689641464,-0.10370078208619948,-0.2611353623685451,-0.05398046060185836,1.0,1
-0.6019914145116647,1,1.6,-0.27850589694938477,-0.5490855846466163,-0.35992579787924894,-0.22819876433866634,-1.181673102516891,-0.8079795342885564,0.9,1
1.2510233408225515,1,0.8,-0.4564707981621004,-0.5285213754918975,-0.27785527038915225,-0.06911800923829202,-2.4704259387245755,-2.190311169380836,0.5,1
-0.16962130493368088,0,0.8,-0.4564707981621004,-0.5038443245062348,-0.30521211288585115,-0.31811397374322575,-0.2611353623685451,-0.05398046060185836,1.0,1
0.2627488046443029,0,0.8,-0.4564707981621004,-0.38045906957792186,-0.3161548498845307,-0.31119741917364424,0.4752948297501314,1.454017686771537,1.5,1
-0.16962130493368088,0,2.3,-0.1361339759792122,0.006148062530792222,-0.283326638888492,-0.24549015076262007,-2.194264616680072,-1.6876451202563707,0.7,1
-0.16962130493368088,0,7.4,0.753690530084366,0.03082511351645482,-0.15748516340367702,-0.02761868182080307,-1.7339957466058988,-1.5619786079752545,0.7,1
-0.16962130493368088,0,0.7,-0.4564707981621004,-0.5696497938013352,-0.2504984278924533,-0.10024250480140874,-0.2611353623685451,0.07168605167925807,1.06,1
1.0039547067779895,1,0.8,-0.4564707981621004,-0.5244085336609537,-0.34351169238122964,-0.314655696458435,-0.16908158835371087,-0.43097999744520765,0.8,-1
-1.7138002677121944,1,0.9,-0.4564707981621004,-0.047318881271476744,-0.2231415853957544,-0.22128220976908486,0.751456151794635,1.0770181499281883,1.2,-1
0.5715845972000057,1,0.8,-0.4564707981621004,-0.4503773807039659,-0.2504984278924533,-0.31119741917364424,-0.9055117804723873,-0.5566465097263236,0.96,1
0.015680170599740733,0,23.3,4.028244712398334,5.18010308585805,1.883335286850062,1.386816727658612,1.1196712478539737,0.4486855885226068,0.8,1
0.20098164613316236,0,0.8,-0.4564707981621004,-0.6107782121107728,-0.2997407443865114,-0.2939060327496905,-0.44524291039821445,-0.68231302200744,0.7,1
0.20098164613316236,0,0.9,-0.4564707981621004,-0.48328011535151605,-0.2997407443865114,-0.286989478180109,-0.2611353623685451,-0.05398046060185836,1.0,1
1.2510233408225515,1,7.9,1.0028413917821677,-0.034980355778645444,-0.16842790040235658,-0.13136700036452545,-0.44524291039821445,-0.1796469728829748,1.0,1
-0.6019914145116647,1,0.8,-0.4564707981621004,-0.047318881271476744,-0.33256895538255005,-0.2939060327496905,0.6594023777798007,0.07168605167925807,0.8,1
0.8186532312445678,1,0.9,-0.4564707981621004,3.3293242619333556,-0.30521211288585115,-0.2558649826169923,0.5673486037649657,0.4486855885226068,0.9,1
0.07744732911088127,1,0.7,-0.4564707981621004,-0.27352518197338394,-0.2231415853957544,-0.30082258731927203,0.5673486037649657,-0.1796469728829748,0.7,1
-1.0343615240896484,1,0.6,-0.4564707981621004,-0.5408599009847288,-0.35992579787924894,-0.3250305283128072,0.4752948297501314,0.4486855885226068,1.0,-1
-1.4667316336676324,0,0.6,-0.49206377840464344,-0.4298131715492471,-0.30521211288585115,-0.30428086460406273,0.29118728172046204,0.3230190762414904,1.0,1
-0.7872928900450863,1,0.7,-0.4564707981621004,-0.41747464605641577,-0.3216262183838705,-0.2316570416234571,0.84350992580947,-0.05398046060185836,0.7,-1
1.0039547067779895,1,0.8,-0.4564707981621004,-0.40513612056358445,-0.2887980073878318,-0.25932325990178307,0.3832410557352971,0.3230190762414904,0.9,-1
-1.1578958411119296,1,6.8,0.6113186091141934,-0.6190038957726604,-0.23955569089377377,-0.314655696458435,-2.6545334867542443,-2.818643730786418,0.3,1
1.2510233408225515,1,1.1,-0.349691857434471,1.6266077439226363,-0.3544544293799092,-0.22128220976908486,-0.721404232442718,-2.0646446570997194,0.35,1
-1.4049644751564918,0,2.2,-0.17172695622175535,-0.31054075845187784,0.4279512660256797,-0.2039908233451311,-0.9055117804723873,-0.8079795342885564,0.8,1
-1.0343615240896484,0,0.8,-0.4564707981621004,0.07606637365683626,-0.1410710579056577,-0.30082258731927203,0.29118728172046204,1.2026846622093044,1.51,1
-0.4166899389782431,1,0.7,-0.4564707981621004,-0.7423891507009733,-0.3216262183838705,-0.31811397374322575,-0.07702781433887579,-0.8079795342885564,0.64,1
-1.2196629996230701,1,0.8,-0.49206377840464344,-0.660132314082098,-0.3161548498845307,-0.23511531890824783,1.3958325698984773,1.0770181499281883,1.0,1
0.015680170599740733,0,0.7,-0.4564707981621004,-0.5202956918300099,-0.3270975868832103,-0.19707426877554962,-1.8260495206207332,-2.190311169380836,0.45,-1
0.015680170599740733,0,0.6,-0.49206377840464344,-0.08433445774997064,-0.3161548498845307,-0.23511531890824783,-1.273726876531726,-1.436312095694138,0.5,-1
-1.0343615240896484,0,0.6,-0.49206377840464344,-0.6313424212654917,-0.3216262183838705,-0.3250305283128072,-1.4578344245613946,-1.5619786079752545,0.6,-1
-1.0343615240896484,0,1.0,-0.4208778179195572,-0.8246459873198487,-0.34351169238122964,-0.006869018112058595,0.29118728172046204,-0.05398046060185836,0.8,-1
1.312790499333692,1,1.0,-0.4208778179195572,-0.413361804225472,-0.27785527038915225,-0.1936159914907589,-1.0896193285020566,-1.3106455834130215,0.6,1
1.312790499333692,1,0.8,-0.4564707981621004,-0.5161828499990662,-0.3216262183838705,-0.2696980917561553,-1.9181032946355674,-1.436312095694138,0.8,1
1.312790499333692,1,1.1,-0.349691857434471,-0.5079571663371786,-0.37086853487792854,-0.18669943692117738,0.5673486037649657,1.2026846622093044,1.36,1
0.2627488046443029,0,0.6,-0.49206377840464344,-0.4339260133801908,-0.3489830608805694,-0.29044775546489976,0.10707973369079272,-0.30531348516409124,0.7,-1
-0.16962130493368088,1,0.7,-0.4564707981621004,-0.38457191140886565,-0.09182874141159963,-0.2662398144713645,-0.6293504584278837,-0.9336460465696729,0.7,-1
-0.16962130493368088,1,1.0,-0.4208778179195572,-0.5614241101394476,-0.23408432239443397,-0.3077391418888535,0.29118728172046204,0.951351637647072,1.3,-1
-0.6019914145116647,1,2.0,-0.1361339759792122,-0.2652994983114964,-0.2614411648911329,0.08650446857729155,-0.44524291039821445,-0.5566465097263236,0.8,-1
-0.4166899389782431,1,2.2,-0.17172695622175535,0.08017921548778002,0.2090965260520884,-0.23511531890824783,1.3037787958836429,1.2026846622093044,1.0,-1
-0.4166899389782431,1,0.9,-0.4208778179195572,0.08017921548778002,-0.35992579787924894,-0.2939060327496905,-0.9055117804723873,-0.5566465097263236,1.0,1
0.6333517557111462,1,0.6,-0.4564707981621004,-0.289976549297159,-0.3106834813851909,-0.2696980917561553,-1.273726876531726,-0.9336460465696729,0.88,1
-0.7255257315339458,1,7.1,0.789283510326909,-0.3886847532398094,2.9611948812199986,1.3384008456715415,0.3832410557352971,0.5743521008037232,1.09,1
-0.7255257315339458,1,3.4,0.04183092523350343,-0.4298131715492471,3.8201997356163444,2.5384230634939304,0.751456151794635,0.07168605167925807,0.7,1
-2.3314718528236,1,0.5,-0.49206377840464344,0.2529185723874182,-0.2887980073878318,-0.2039908233451311,1.3037787958836429,1.3283511744904213,1.1,-1
0.015680170599740733,1,2.3,-0.06494801549412596,-0.034980355778645444,0.28022431654350555,0.8922830759335353,0.751456151794635,1.0770181499281883,1.2,1
0.015680170599740733,1,1.1,-0.38528483767701405,-0.8164203036579611,0.055898208070574495,0.26979316467120107,0.6594023777798007,0.8256851253659556,1.11,1
-0.9108272070673674,1,0.8,-0.4564707981621004,-0.44626453887302214,-0.1903133743997157,-0.18324115963638665,1.2117250218688078,1.454017686771537,1.2,-1
1.06572186528913,1,5.0,0.21979582644621906,-0.7711790435175797,-0.34351169238122964,-0.2420318734778293,-1.3657806505465602,-1.3106455834130215,1.72,1
-1.4049644751564918,0,6.7,0.6113186091141934,2.301113804197414,0.4005944235289808,0.4772898017586458,-0.2611353623685451,-0.43097999744520765,0.8,1
-0.16962130493368088,0,0.8,-0.4564707981621004,-0.3927975950707532,-0.34351169238122964,-0.32848880559759797,0.1991335077056278,-0.1796469728829748,0.8,1
-0.7872928900450863,1,0.7,-0.4564707981621004,-0.05965740676430805,0.1160832615633121,0.2767097192407826,-0.44524291039821445,-0.30531348516409124,0.93,1
0.9421875482668489,1,0.7,-0.4564707981621004,-0.4915057990134036,-0.27238390188981243,-0.29044775546489976,0.4752948297501314,0.4486855885226068,1.0,-1
1.2510233408225515,1,0.8,-0.49206377840464344,-0.5943268447869977,-0.3489830608805694,-0.28007292361052755,-0.5372966844130487,0.07168605167925807,1.18,-1
0.5098174386888651,0,0.8,-0.4564707981621004,-0.4010232787326407,0.0832550505672734,-0.18324115963638665,0.1991335077056278,0.5743521008037232,1.16,1
-1.096128682600789,1,1.0,-0.4208778179195572,-0.45449022253490967,-0.1355996894063179,0.003505813742313643,0.29118728172046204,0.951351637647072,1.85,-1
-0.6019914145116647,0,1.0,-0.4208778179195572,2.1160359218049445,0.28569568504284537,-0.024160404536012325,1.3037787958836429,0.19735256396037396,0.7,1
1.2510233408225515,1,0.7,-0.4564707981621004,-0.10489866690468948,-0.27785527038915225,-0.2835312008953183,-1.181673102516891,-1.6876451202563707,0.52,-1
-1.2196629996230701,1,0.7,-0.4564707981621004,-0.4339260133801908,0.6303919005012516,1.00640622633163,0.015025959675958465,0.951351637647072,1.5,1
-0.7872928900450863,1,0.7,-0.4564707981621004,-0.5161828499990662,-0.27238390188981243,-0.28007292361052755,-0.3531891363833802,-0.1796469728829748,0.96,-1
-1.2814301581342107,1,1.0,-0.4564707981621004,-0.41747464605641577,-0.15748516340367702,-0.27315636904094603,1.3958325698984773,2.082350248177119,1.5,1
1.3745576578448326,1,2.2,-0.1361339759792122,-0.38045906957792186,-0.21219884839707484,-0.24549015076262007,0.6594023777798007,-0.1796469728829748,0.7,1
1.4363248163559732,1,1.8,-0.349691857434471,-0.5737626356322789,-0.34351169238122964,-0.30428086460406273,0.015025959675958465,1.0770181499281883,1.6,1
0.6333517557111462,1,3.6,0.04183092523350343,0.24058004689458692,-0.2231415853957544,-0.13828355493410693,0.6594023777798007,-0.30531348516409124,0.6,1
1.5598591333782543,1,2.7,-0.10054099573666912,0.3063855161896872,-0.1027714784102792,-0.19015771420596814,-0.44524291039821445,-0.9336460465696729,0.6,1
-0.5402242560005242,1,2.8,0.006237944990960275,0.05961500633306119,-0.2887980073878318,-0.11753389122536247,-0.5372966844130487,-0.8079795342885564,0.7,1
-0.16962130493368088,1,0.8,-0.4564707981621004,-0.6724708395749293,-0.283326638888492,-0.2766146463257368,-1.4578344245613946,-0.5566465097263236,1.2,1
0.5098174386888651,1,19.8,3.174013186577299,-0.21594539634017118,-0.2286129538950942,0.3839163150692957,1.4878863439133114,-0.8079795342885564,0.4,1
-0.7872928900450863,1,30.5,5.558742862827689,-0.2982022329590465,-0.2286129538950942,-0.10715905937099023,-0.9055117804723873,-0.5566465097263236,0.9,1
-0.7872928900450863,1,32.6,4.490953455551394,-0.2940893911281028,0.07778368206793362,0.43233219705636616,-0.6293504584278837,-0.05398046060185836,1.1,1
0.6951189142222867,1,17.7,2.6045255026966085,-0.21183255450922742,-0.20672747989773507,0.25941833281682886,-0.8134580064575531,-0.9336460465696729,0.7,1
0.32451596315544345,1,0.9,-0.4208778179195572,-0.3969104369016969,0.597563689505213,-0.1279087230797347,0.9355636998243043,0.951351637647072,1.0,1
0.07744732911088127,1,18.4,2.497746561968979,0.6559770718199074,0.2090965260520884,0.41504081063241244,0.9355636998243043,0.19735256396037396,0.7,1
0.07744732911088127,1,20.0,3.031641265607126,-0.15013992704507093,0.32399526453822386,1.4871067689175437,-0.9975655544872216,-0.1796469728829748,1.2,1
-0.4784570974893836,0,0.8,-0.4564707981621004,-0.3516691767613155,-0.27238390188981243,-0.2558649826169923,2.5004778580764917,1.8310172236148858,1.0,-1
0.015680170599740733,1,2.2,0.04183092523350343,0.12130763379721769,-0.23955569089377377,-0.21436565519950335,0.29118728172046204,0.3230190762414904,1.0,1
0.6951189142222867,1,1.0,-0.4208778179195572,-0.3927975950707532,-0.3216262183838705,-0.2835312008953183,-0.6293504584278837,-0.68231302200744,0.8,-1
1.4980919748671138,1,0.9,-0.4564707981621004,-0.31054075845187784,-0.26691253339047266,-0.29736431003448127,0.3832410557352971,-0.1796469728829748,0.7,1
0.2627488046443029,1,1.0,-0.4208778179195572,-0.24884813098772132,-0.17937063740103615,-0.1797828823515959,1.764047665957816,1.3283511744904213,1.0,1
0.2627488046443029,1,3.9,0.21979582644621906,-0.41747464605641577,-0.08635737291225985,0.24558522367766586,0.3832410557352971,-0.1796469728829748,0.7,1
0.9421875482668489,1,0.9,-0.4208778179195572,-0.5038443245062348,-0.3544544293799092,-0.29736431003448127,0.1991335077056278,-0.1796469728829748,0.8,1
-1.0343615240896484,1,0.9,-0.4564707981621004,-0.31054075845187784,-0.16842790040235658,-0.2835312008953183,1.3958325698984773,1.0770181499281883,1.0,1
0.015680170599740733,1,2.9,-0.02935503525158288,-0.33110496760659663,-0.03711505641820181,-0.14520010950368845,0.6594023777798007,0.5743521008037232,1.0,1
-0.6019914145116647,1,26.3,3.779093850700532,-0.7506148343628609,0.47719358251973776,1.798351724548711,2.5004778580764917,-1.436312095694138,0.3,1
1.06572186528913,1,1.8,-0.20731993646429847,-0.27352518197338394,-0.06447189891490072,0.15567001427310648,1.9481552139874843,1.0770181499281883,0.8,1
0.6333517557111462,1,4.4,0.504539668386564,-0.24884813098772132,-0.36539716637858877,-0.2939060327496905,0.5673486037649657,-1.3106455834130215,0.4,1
0.07744732911088127,0,0.8,-0.4564707981621004,-0.4339260133801908,-0.3106834813851909,-0.32848880559759797,1.3037787958836429,0.7000186130848397,0.8,1
0.32451596315544345,1,0.6,-0.4564707981621004,-0.6313424212654917,-0.35992579787924894,-0.3250305283128072,-1.5498881985762296,-0.68231302200744,1.1,1
-0.972594365578508,1,0.8,-0.4564707981621004,-0.5531984264775601,-0.3763399033772683,-0.32848880559759797,0.29118728172046204,0.7000186130848397,1.1,-1
0.5098174386888651,0,0.9,-0.4564707981621004,-0.33110496760659663,-0.2504984278924533,-0.2696980917561553,1.3958325698984773,0.951351637647072,0.9,-1
0.07744732911088127,1,9.4,1.3231782139650559,-0.09256014141185819,-0.3270975868832103,-0.16249149592764217,-0.07702781433887579,-0.43097999744520765,0.8,1
-0.293155621955962,1,3.5,0.04183092523350343,0.03082511351645482,-0.0699432674142405,0.31129249208869003,0.5673486037649657,0.3230190762414904,0.9,1
0.015680170599740733,1,1.7,-0.2429129167068416,0.10074342464249886,-0.3763399033772683,-0.24894842804741082,-0.16908158835371087,-1.3106455834130215,0.5,1
0.6333517557111462,1,3.3,0.006237944990960275,-0.3146536002828216,-0.14654242640499746,0.14529518241873424,-1.273726876531726,-1.6876451202563707,0.5,1
-1.4049644751564918,0,1.1,-0.4208778179195572,-0.6272295794345478,-0.36539716637858877,-0.3077391418888535,0.4752948297501314,0.8256851253659556,1.1,-1
-0.293155621955962,1,30.8,5.985858625738206,-0.022641830285814145,0.15985420955803037,0.2628766101016196,1.3037787958836429,-0.5566465097263236,0.5,1
1.06572186528913,1,0.7,-0.4564707981621004,-0.5285213754918975,-0.3763399033772683,-0.3215722510280165,1.5799401179281456,0.07168605167925807,0.6,-1
0.07744732911088127,0,1.4,-0.38528483767701405,0.03082511351645482,2.3429302407946038,1.7741437835551757,-2.6545334867542443,-2.6929772185053014,0.3,1
-0.3549227804671025,1,1.6,-0.2429129167068416,-0.24884813098772132,0.03948410257255515,-0.12445044579494396,1.3958325698984773,1.0770181499281883,1.0,-1
0.9421875482668489,1,19.6,2.8536763643944107,0.7217825411150076,-0.1903133743997157,-0.20053254606034038,-0.3531891363833802,-1.436312095694138,0.4,1
0.07744732911088127,1,15.8,2.0350378188159186,-0.2611866564805526,-0.07541463591358029,0.38045803778450493,0.3832410557352971,-0.68231302200744,0.6,1
-2.1461703772901783,0,0.8,-0.49206377840464344,0.4297707711180002,-0.30521211288585115,-0.12099216851015321,1.0276174738391386,0.5743521008037232,0.9,1
0.4480502801777245,1,1.8,-0.2429129167068416,-0.7958560945032424,0.0230699970745358,-0.11061733665578098,-0.07702781433887579,-0.5566465097263236,0.7,1
1.2510233408225515,0,0.7,-0.4564707981621004,0.47501203125838165,-0.3106834813851909,-0.2247404870538756,0.6594023777798007,0.4486855885226068,0.9,-1
-0.16962130493368088,1,0.8,-0.4564707981621004,-0.7259377833771983,-0.3270975868832103,-0.30082258731927203,0.4752948297501314,-0.1796469728829748,0.7,-1
-0.16962130493368088,1,0.8,-0.4564707981621004,-0.38045906957792186,-0.283326638888492,-0.314655696458435,0.10707973369079272,-0.1796469728829748,0.8,-1
1.06572186528913,1,0.7,-0.4564707981621004,-0.48328011535151605,-0.1903133743997157,-0.2178239324842941,0.751456151794635,1.2026846622093044,1.2,-1
-0.293155621955962,1,1.2,-0.31409887719192786,-0.3557820185922593,-0.3161548498845307,-0.286989478180109,1.0276174738391386,1.0770181499281883,1.1,1
0.5715845972000057,0,5.5,0.6113186091141934,0.2446928887255307,-0.07541463591358029,-0.23511531890824783,0.4752948297501314,0.07168605167925807,0.8,1
0.015680170599740733,0,0.7,-0.4564707981621004,-0.5655369519703913,-0.21767021689641464,-0.23511531890824783,-1.8260495206207332,-1.1849790711319053,0.9,-1
0.015680170599740733,1,20.2,3.636721929730359,-0.4215874878873595,-0.18484200590037594,-0.2696980917561553,-0.9975655544872216,-1.0593125588507892,0.7,1
0.32451596315544345,0,27.7,3.3163851075474713,0.3680781436538437,-0.2286129538950942,0.8231175302377204,0.5673486037649657,-1.0593125588507892,0.4,1
-0.16962130493368088,1,11.1,1.6435150361479438,-0.3146536002828216,-0.11371421540895876,0.2628766101016196,0.3832410557352971,-0.43097999744520765,2.8,1
-0.293155621955962,0,2.1,-0.17172695622175535,1.9638607740600251,-0.03711505641820181,0.10725413228603603,1.2117250218688078,2.2080167604582357,1.6,1
0.07744732911088127,1,3.3,0.006237944990960275,-0.4873929571824598,-0.30521211288585115,-0.23857359619303858,-0.8134580064575531,-0.9336460465696729,0.7,1
-0.972594365578508,1,1.2,-0.38528483767701405,-0.536747059153785,-0.33256895538255005,-0.30428086460406273,-0.2611353623685451,-0.1796469728829748,0.9,-1
0.015680170599740733,1,0.6,-0.49206377840464344,-0.3886847532398094,-0.283326638888492,-0.2766146463257368,-0.6293504584278837,-0.30531348516409124,1.0,1
0.07744732911088127,1,10.2,0.9672484115396246,-0.2406224473258338,-0.12465695240763833,0.10379585500124527,0.4752948297501314,-0.5566465097263236,0.6,1
1.745160608911676,1,1.8,-0.20731993646429847,-0.289976549297159,-0.33256895538255005,-0.2316570416234571,0.015025959675958465,-0.1796469728829748,0.8,1
0.6333517557111462,1,0.8,-0.4564707981621004,-0.002077621131095312,0.31852389603888404,-0.07949284109266426,0.4752948297501314,-0.1796469728829748,0.7,1
0.386283121666584,1,0.7,-0.49206377840464344,-0.45449022253490967,-0.30521211288585115,-0.286989478180109,-0.3531891363833802,-0.05398046060185836,1.0,1
0.386283121666584,1,2.9,-0.10054099573666912,-0.41747464605641577,-0.0042868454221631136,0.051921695729384085,-0.2611353623685451,-0.05398046060185836,1.0,1
0.386283121666584,1,4.0,0.3621677474163915,-0.06377024859525181,1.6480664413784512,0.760868539111487,0.9355636998243043,1.0770181499281883,1.1,1
-1.1578958411119296,1,42.8,6.484160349133809,0.40920656196328137,-0.031643687918862025,0.09687930043166379,0.9355636998243043,-0.68231302200744,0.5,1
1.312790499333692,1,15.2,2.213002720028634,0.2693699397111933,1.3143129629187245,1.56318886918294,0.015025959675958465,-1.1849790711319053,0.4,1
1.312790499333692,1,16.6,2.1774097397860905,0.10074342464249886,0.8328325349768236,0.9476155124901873,0.3832410557352971,-1.436312095694138,0.4,1
1.312790499333692,1,17.3,2.497746561968979,0.40098087830139384,0.5045504250164367,0.8888247986487445,1.2117250218688078,-0.68231302200744,0.5,1
1.189256182311411,1,1.4,-0.349691857434471,0.03082511351645482,-0.27238390188981243,-0.09332595023182724,0.6594023777798007,-0.68231302200744,0.5,1
-0.4166899389782431,0,0.6,-0.49206377840464344,-0.5161828499990662,-0.3216262183838705,-0.2627815371865738,-0.5372966844130487,-0.30531348516409124,0.9,-1
-0.10785414642254035,1,22.5,3.672314909972903,-0.606665370279829,-0.3216262183838705,0.11417068685561751,0.10707973369079272,-1.3106455834130215,0.46,1
0.32451596315544345,0,1.0,-0.4208778179195572,-0.40924896239452824,-0.3216262183838705,-0.27315636904094603,1.2117250218688078,1.0770181499281883,1.0,-1
0.4480502801777245,1,2.7,-0.02935503525158288,-0.16247845253790222,-0.33256895538255005,-0.2420318734778293,-0.44524291039821445,-1.8133116325374872,0.39,1
-1.528498792178773,0,16.7,2.462153581726436,-0.37223338591603433,0.055898208070574495,-0.031076959105593816,0.3832410557352971,0.4486855885226068,1.02,1
-1.775567426223335,1,7.7,0.9316554312970813,-0.09256014141185819,0.723405164990028,0.20062761897538617,0.5673486037649657,1.0770181499281883,1.2,1
-1.775567426223335,1,2.6,-0.10054099573666912,-0.2241710800020587,0.2747529480441658,-0.06911800923829202,-0.9975655544872216,-0.68231302200744,0.9,1
2.7952023036010654,1,1.1,-0.4208778179195572,-0.31054075845187784,-0.1903133743997157,0.0830461912925008,0.3832410557352971,-0.1796469728829748,0.7,1
-0.7872928900450863,1,15.6,2.8536763643944107,-0.643680946758323,-0.14654242640499746,0.051921695729384085,-0.8134580064575531,1.0770181499281883,2.5,1
-0.7872928900450863,1,3.7,0.04183092523350343,1.3222574484327976,-0.16842790040235658,-0.07603456380787352,-0.2611353623685451,-1.5619786079752545,0.4,1
-0.7872928900450863,1,12.1,1.6079220559054008,0.9233117908312523,-0.17937063740103615,-0.062201454668710535,0.10707973369079272,-0.9336460465696729,0.5,1
-0.7872928900450863,1,25.0,4.348581534581221,1.1083896732237217,-0.21767021689641464,-0.07603456380787352,1.3037787958836429,-0.8079795342885564,2.5,1
-0.7872928900450863,1,15.0,2.3909676212413493,-0.006190462962039079,-0.12465695240763833,-0.10370078208619948,-1.0896193285020566,-1.1849790711319053,0.7,1
-0.7872928900450863,1,12.7,2.462153581726436,-0.413361804225472,-0.2887980073878318,-0.2178239324842941,-0.9975655544872216,-0.68231302200744,0.9,1
0.9421875482668489,1,0.5,-0.49206377840464344,0.8616191633670958,-0.33256895538255005,-0.2627815371865738,-0.5372966844130487,-1.9389781448186032,0.37,-1
-0.293155621955962,1,0.6,-0.49206377840464344,-0.7917432526722985,-0.2504984278924533,-0.27315636904094603,-0.44524291039821445,0.07168605167925807,1.1,1
0.4480502801777245,1,0.8,-0.4564707981621004,-0.18715550352356483,-0.17937063740103615,-0.21090737791471262,-0.07702781433887579,0.07168605167925807,1.0,1
-0.8490600485562269,1,1.3,-0.349691857434471,-0.4380388552111346,-0.283326638888492,-0.2696980917561553,0.29118728172046204,0.3230190762414904,1.0,1
-0.4166899389782431,1,1.0,-0.4208778179195572,-0.30642791662093405,-0.3270975868832103,-0.29736431003448127,0.751456151794635,1.5796841990526542,1.5,-1
